18	19	1	0.000101
19	20	0	0.000000
20	21	0	0.000000
21	22	0	0.000000
22	23	0	0.000000
23	24	2	0.000202
24	25	13	0.001313
25	26	18	0.001818
26	27	12	0.001212
27	28	69	0.006970
28	29	316	0.031919
29	30	1695	0.171212
30	31	1372	0.138586
31	32	336	0.033939
32	33	54	0.005455
33	34	80	0.008081
34	35	62	0.006263
35	36	31	0.003131
36	37	12	0.001212
37	38	13	0.001313
38	39	12	0.001212
39	40	30	0.003030
40	41	33	0.003333
41	42	57	0.005758
42	43	1408	0.142222
43	44	4762	0.481010
44	45	11415	1.153030
45	46	26764	2.703434
46	47	24934	2.518586
47	48	14913	1.506364
48	49	8136	0.821818
49	50	4853	0.490202
50	51	2562	0.258788
51	52	2643	0.266970
52	53	2084	0.210505
53	54	1555	0.157071
54	55	2664	0.269091
55	56	3938	0.397778
56	57	2749	0.277677
57	58	2136	0.215758
58	59	2108	0.212929
59	60	2380	0.240404
60	61	3135	0.316667
61	62	5355	0.540909
62	63	5608	0.566465
63	64	5208	0.526061
64	65	4233	0.427576
65	66	3638	0.367475
66	67	3772	0.381010
67	68	3717	0.375455
68	69	4933	0.498283
69	70	5683	0.574040
70	71	5834	0.589293
71	72	4169	0.421111
72	73	1611	0.162727
73	74	698	0.070505
74	75	323	0.032626
75	76	152	0.015354
76	77	127	0.012828
77	78	126	0.012727
78	79	211	0.021313
79	80	156	0.015758
80	81	195	0.019697
81	82	544	0.054949
82	83	1159	0.117071
83	84	742	0.074949
84	85	362	0.036566
85	86	234	0.023636
86	87	219	0.022121
87	88	421	0.042525
88	89	712	0.071919
89	90	773	0.078081
90	91	529	0.053434
91	92	424	0.042828
92	93	345	0.034848
93	94	327	0.033030
94	95	244	0.024646
95	96	145	0.014646
96	97	154	0.015556
97	98	153	0.015455
98	99	148	0.014949
99	100	321	0.032424
100	101	3564	0.360000
101	102	20122	2.032525
102	103	27618	2.789697
103	104	27709	2.798889
104	105	33677	3.401717
105	106	33577	3.391616
106	107	45020	4.547475
107	108	66898	6.757374
108	109	84439	8.529192
109	110	104282	10.533535
110	111	74555	7.530808
111	112	65841	6.650606
112	113	73895	7.464141
113	114	52650	5.318182
114	115	25147	2.540101
115	116	9317	0.941111
116	117	4075	0.411616
117	118	1773	0.179091
118	119	922	0.093131
119	120	1053	0.106364
120	121	1611	0.162727
121	122	1650	0.166667
122	123	1990	0.201010
123	124	2477	0.250202
124	125	2921	0.295051
125	126	2900	0.292929
126	127	2316	0.233939
127	128	1611	0.162727
128	129	1020	0.103030
129	130	783	0.079091
130	131	615	0.062121
131	132	523	0.052828
132	133	557	0.056263
133	134	624	0.063030
134	135	726	0.073333
135	136	780	0.078788
136	137	999	0.100909
137	138	1056	0.106667
138	139	1256	0.126869
139	140	1289	0.130202
140	141	1276	0.128889
141	142	1160	0.117172
142	143	1145	0.115657
143	144	978	0.098788
144	145	871	0.087980
145	146	795	0.080303
146	147	798	0.080606
147	148	751	0.075859
148	149	688	0.069495
149	150	636	0.064242
150	151	540	0.054545
151	152	531	0.053636
152	153	545	0.055051
153	154	426	0.043030
154	155	373	0.037677
155	156	311	0.031414
156	157	226	0.022828
157	158	183	0.018485
158	159	140	0.014141
159	160	104	0.010505
160	161	74	0.007475
161	162	55	0.005556
162	163	34	0.003434
163	164	24	0.002424
164	165	16	0.001616
165	166	23	0.002323
166	167	14	0.001414
167	168	9	0.000909
168	169	6	0.000606
169	170	9	0.000909
170	171	7	0.000707
171	172	5	0.000505
172	173	3	0.000303
173	174	5	0.000505
174	175	5	0.000505
175	176	2	0.000202
176	177	1	0.000101
177	178	1	0.000101
178	179	2	0.000202
179	180	7	0.000707
180	181	0	0.000000
181	182	4	0.000404
182	183	2	0.000202
183	184	4	0.000404
184	185	8	0.000808
185	186	1	0.000101
186	187	7	0.000707
187	188	7	0.000707
188	189	12	0.001212
189	190	12	0.001212
190	191	8	0.000808
191	192	8	0.000808
192	193	16	0.001616
193	194	18	0.001818
194	195	9	0.000909
195	196	12	0.001212
196	197	18	0.001818
197	198	8	0.000808
198	199	11	0.001111
199	200	12	0.001212
200	201	13	0.001313
201	202	10	0.001010
202	203	16	0.001616
203	204	12	0.001212
204	205	10	0.001010
205	206	3	0.000303
206	207	6	0.000606
207	208	7	0.000707
208	209	3	0.000303
209	210	5	0.000505
210	211	7	0.000707
211	212	8	0.000808
212	213	2	0.000202
213	214	3	0.000303
214	215	2	0.000202
215	216	3	0.000303
216	217	3	0.000303
217	218	1	0.000101
218	219	2	0.000202
219	220	3	0.000303
220	221	2	0.000202
221	222	2	0.000202
222	223	2	0.000202
223	224	0	0.000000
224	225	0	0.000000
225	226	0	0.000000
226	227	0	0.000000
227	228	0	0.000000
228	229	0	0.000000
229	230	1	0.000101
230	231	2	0.000202
231	232	1	0.000101
232	233	0	0.000000
233	234	0	0.000000
234	235	0	0.000000
235	236	0	0.000000
236	237	0	0.000000
237	238	0	0.000000
238	239	0	0.000000
239	240	0	0.000000
240	241	0	0.000000
241	242	0	0.000000
242	243	0	0.000000
243	244	0	0.000000
244	245	0	0.000000
245	246	2	0.000202
246	247	1	0.000101
247	248	0	0.000000
248	249	2	0.000202
249	250	0	0.000000
250	251	0	0.000000
251	252	0	0.000000
252	253	0	0.000000
253	254	2	0.000202
254	255	1	0.000101
255	256	1	0.000101
256	257	1	0.000101
257	258	0	0.000000
258	259	1	0.000101
259	260	0	0.000000
260	261	0	0.000000
261	262	0	0.000000
262	263	0	0.000000
263	264	2	0.000202
264	265	0	0.000000
265	266	0	0.000000
266	267	0	0.000000
267	268	0	0.000000
268	269	0	0.000000
269	270	0	0.000000
270	271	1	0.000101
271	272	0	0.000000
272	273	0	0.000000
273	274	0	0.000000
274	275	0	0.000000
275	276	0	0.000000
276	277	0	0.000000
277	278	0	0.000000
278	279	0	0.000000
279	280	0	0.000000
280	281	0	0.000000
281	282	0	0.000000
282	283	0	0.000000
283	284	0	0.000000
284	285	0	0.000000
285	286	0	0.000000
286	287	0	0.000000
287	288	0	0.000000
288	289	0	0.000000
289	290	0	0.000000
290	291	0	0.000000
291	292	0	0.000000
292	293	0	0.000000
293	294	0	0.000000
294	295	0	0.000000
295	296	0	0.000000
296	297	0	0.000000
297	298	0	0.000000
298	299	0	0.000000
299	300	0	0.000000
300	301	0	0.000000
301	302	0	0.000000
302	303	0	0.000000
303	304	0	0.000000
304	305	0	0.000000
305	306	0	0.000000
306	307	0	0.000000
307	308	0	0.000000
308	309	0	0.000000
309	310	0	0.000000
310	311	0	0.000000
311	312	0	0.000000
312	313	0	0.000000
313	314	0	0.000000
314	315	0	0.000000
315	316	0	0.000000
316	317	0	0.000000
317	318	0	0.000000
318	319	0	0.000000
319	320	0	0.000000
320	321	0	0.000000
321	322	0	0.000000
322	323	0	0.000000
323	324	0	0.000000
324	325	0	0.000000
325	326	0	0.000000
326	327	0	0.000000
327	328	0	0.000000
328	329	0	0.000000
329	330	0	0.000000
330	331	0	0.000000
331	332	0	0.000000
332	333	0	0.000000
333	334	0	0.000000
334	335	0	0.000000
335	336	0	0.000000
336	337	0	0.000000
337	338	0	0.000000
338	339	0	0.000000
339	340	0	0.000000
340	341	0	0.000000
341	342	0	0.000000
342	343	0	0.000000
343	344	0	0.000000
344	345	0	0.000000
345	346	0	0.000000
346	347	0	0.000000
347	348	0	0.000000
348	349	0	0.000000
349	350	0	0.000000
350	351	0	0.000000
351	352	0	0.000000
352	353	0	0.000000
353	354	0	0.000000
354	355	0	0.000000
355	356	0	0.000000
356	357	0	0.000000
357	358	0	0.000000
358	359	0	0.000000
359	360	0	0.000000
360	361	0	0.000000
361	362	0	0.000000
362	363	0	0.000000
363	364	0	0.000000
364	365	0	0.000000
365	366	0	0.000000
366	367	0	0.000000
367	368	0	0.000000
368	369	0	0.000000
369	370	0	0.000000
370	371	0	0.000000
371	372	0	0.000000
372	373	0	0.000000
373	374	0	0.000000
374	375	0	0.000000
375	376	0	0.000000
376	377	0	0.000000
377	378	0	0.000000
378	379	0	0.000000
379	380	0	0.000000
380	381	0	0.000000
381	382	0	0.000000
382	383	0	0.000000
383	384	0	0.000000
384	385	0	0.000000
385	386	0	0.000000
386	387	0	0.000000
387	388	0	0.000000
388	389	0	0.000000
389	390	0	0.000000
390	391	0	0.000000
391	392	0	0.000000
392	393	0	0.000000
393	394	0	0.000000
394	395	0	0.000000
395	396	0	0.000000
396	397	0	0.000000
397	398	0	0.000000
398	399	0	0.000000
399	400	0	0.000000
400	401	0	0.000000
401	402	0	0.000000
402	403	0	0.000000
403	404	0	0.000000
404	405	0	0.000000
405	406	0	0.000000
406	407	0	0.000000
407	408	0	0.000000
408	409	0	0.000000
409	410	0	0.000000
410	411	0	0.000000
411	412	0	0.000000
412	413	0	0.000000
413	414	0	0.000000
414	415	0	0.000000
415	416	0	0.000000
416	417	0	0.000000
417	418	0	0.000000
418	419	0	0.000000
419	420	0	0.000000
420	421	0	0.000000
421	422	0	0.000000
422	423	0	0.000000
423	424	0	0.000000
424	425	0	0.000000
425	426	0	0.000000
426	427	0	0.000000
427	428	0	0.000000
428	429	0	0.000000
429	430	0	0.000000
430	431	0	0.000000
431	432	0	0.000000
432	433	0	0.000000
433	434	0	0.000000
434	435	0	0.000000
435	436	0	0.000000
436	437	0	0.000000
437	438	0	0.000000
438	439	0	0.000000
439	440	0	0.000000
440	441	0	0.000000
441	442	0	0.000000
442	443	0	0.000000
443	444	0	0.000000
444	445	0	0.000000
445	446	0	0.000000
446	447	0	0.000000
447	448	0	0.000000
448	449	0	0.000000
449	450	0	0.000000
450	451	0	0.000000
451	452	0	0.000000
452	453	0	0.000000
453	454	0	0.000000
454	455	0	0.000000
455	456	0	0.000000
456	457	0	0.000000
457	458	0	0.000000
458	459	0	0.000000
459	460	0	0.000000
460	461	0	0.000000
461	462	0	0.000000
462	463	0	0.000000
463	464	0	0.000000
464	465	0	0.000000
465	466	0	0.000000
466	467	0	0.000000
467	468	0	0.000000
468	469	0	0.000000
469	470	0	0.000000
470	471	0	0.000000
471	472	0	0.000000
472	473	0	0.000000
473	474	0	0.000000
474	475	0	0.000000
475	476	0	0.000000
476	477	0	0.000000
477	478	0	0.000000
478	479	0	0.000000
479	480	0	0.000000
480	481	0	0.000000
481	482	0	0.000000
482	483	0	0.000000
483	484	0	0.000000
484	485	0	0.000000
485	486	0	0.000000
486	487	0	0.000000
487	488	0	0.000000
488	489	0	0.000000
489	490	0	0.000000
490	491	0	0.000000
491	492	0	0.000000
492	493	0	0.000000
493	494	0	0.000000
494	495	0	0.000000
495	496	0	0.000000
496	497	0	0.000000
497	498	0	0.000000
498	499	0	0.000000
499	500	0	0.000000
500	501	0	0.000000
501	502	0	0.000000
502	503	0	0.000000
503	504	0	0.000000
504	505	0	0.000000
505	506	0	0.000000
506	507	0	0.000000
507	508	0	0.000000
508	509	0	0.000000
509	510	0	0.000000
510	511	0	0.000000
511	512	0	0.000000
512	513	0	0.000000
513	514	0	0.000000
514	515	0	0.000000
515	516	0	0.000000
516	517	0	0.000000
517	518	0	0.000000
518	519	0	0.000000
519	520	0	0.000000
520	521	0	0.000000
521	522	0	0.000000
522	523	0	0.000000
523	524	0	0.000000
524	525	0	0.000000
525	526	0	0.000000
526	527	0	0.000000
527	528	0	0.000000
528	529	0	0.000000
529	530	0	0.000000
530	531	0	0.000000
531	532	0	0.000000
532	533	0	0.000000
533	534	0	0.000000
534	535	0	0.000000
535	536	0	0.000000
536	537	0	0.000000
537	538	0	0.000000
538	539	0	0.000000
539	540	0	0.000000
540	541	0	0.000000
541	542	0	0.000000
542	543	0	0.000000
543	544	0	0.000000
544	545	0	0.000000
545	546	0	0.000000
546	547	0	0.000000
547	548	0	0.000000
548	549	0	0.000000
549	550	0	0.000000
550	551	0	0.000000
551	552	0	0.000000
552	553	0	0.000000
553	554	0	0.000000
554	555	0	0.000000
555	556	0	0.000000
556	557	0	0.000000
557	558	0	0.000000
558	559	0	0.000000
559	560	0	0.000000
560	561	0	0.000000
561	562	0	0.000000
562	563	0	0.000000
563	564	0	0.000000
564	565	0	0.000000
565	566	0	0.000000
566	567	0	0.000000
567	568	0	0.000000
568	569	0	0.000000
569	570	0	0.000000
570	571	0	0.000000
571	572	0	0.000000
572	573	0	0.000000
573	574	0	0.000000
574	575	0	0.000000
575	576	0	0.000000
576	577	0	0.000000
577	578	0	0.000000
578	579	0	0.000000
579	580	0	0.000000
580	581	0	0.000000
581	582	0	0.000000
582	583	0	0.000000
583	584	0	0.000000
584	585	0	0.000000
585	586	0	0.000000
586	587	0	0.000000
587	588	0	0.000000
588	589	0	0.000000
589	590	0	0.000000
590	591	0	0.000000
591	592	0	0.000000
592	593	0	0.000000
593	594	0	0.000000
594	595	0	0.000000
595	596	0	0.000000
596	597	0	0.000000
597	598	0	0.000000
598	599	0	0.000000
599	600	0	0.000000
600	601	0	0.000000
601	602	0	0.000000
602	603	0	0.000000
603	604	0	0.000000
604	605	0	0.000000
605	606	0	0.000000
606	607	0	0.000000
607	608	0	0.000000
608	609	0	0.000000
609	610	0	0.000000
610	611	0	0.000000
611	612	0	0.000000
612	613	0	0.000000
613	614	0	0.000000
614	615	0	0.000000
615	616	0	0.000000
616	617	0	0.000000
617	618	0	0.000000
618	619	0	0.000000
619	620	0	0.000000
620	621	0	0.000000
621	622	0	0.000000
622	623	0	0.000000
623	624	0	0.000000
624	625	0	0.000000
625	626	0	0.000000
626	627	0	0.000000
627	628	0	0.000000
628	629	0	0.000000
629	630	0	0.000000
630	631	0	0.000000
631	632	0	0.000000
632	633	0	0.000000
633	634	0	0.000000
634	635	0	0.000000
635	636	0	0.000000
636	637	0	0.000000
637	638	0	0.000000
638	639	0	0.000000
639	640	0	0.000000
640	641	0	0.000000
641	642	0	0.000000
642	643	0	0.000000
643	644	0	0.000000
644	645	0	0.000000
645	646	0	0.000000
646	647	0	0.000000
647	648	0	0.000000
648	649	0	0.000000
649	650	0	0.000000
650	651	0	0.000000
651	652	0	0.000000
652	653	0	0.000000
653	654	0	0.000000
654	655	0	0.000000
655	656	0	0.000000
656	657	0	0.000000
657	658	0	0.000000
658	659	0	0.000000
659	660	0	0.000000
660	661	0	0.000000
661	662	0	0.000000
662	663	0	0.000000
663	664	0	0.000000
664	665	0	0.000000
665	666	0	0.000000
666	667	0	0.000000
667	668	0	0.000000
668	669	0	0.000000
669	670	0	0.000000
670	671	0	0.000000
671	672	0	0.000000
672	673	0	0.000000
673	674	0	0.000000
674	675	0	0.000000
675	676	0	0.000000
676	677	0	0.000000
677	678	0	0.000000
678	679	0	0.000000
679	680	0	0.000000
680	681	0	0.000000
681	682	0	0.000000
682	683	0	0.000000
683	684	0	0.000000
684	685	0	0.000000
685	686	0	0.000000
686	687	0	0.000000
687	688	0	0.000000
688	689	0	0.000000
689	690	0	0.000000
690	691	0	0.000000
691	692	0	0.000000
692	693	0	0.000000
693	694	0	0.000000
694	695	0	0.000000
695	696	0	0.000000
696	697	0	0.000000
697	698	0	0.000000
698	699	0	0.000000
699	700	0	0.000000
700	701	0	0.000000
701	702	0	0.000000
702	703	0	0.000000
703	704	0	0.000000
704	705	0	0.000000
705	706	0	0.000000
706	707	0	0.000000
707	708	0	0.000000
708	709	0	0.000000
709	710	0	0.000000
710	711	0	0.000000
711	712	0	0.000000
712	713	0	0.000000
713	714	0	0.000000
714	715	0	0.000000
715	716	0	0.000000
716	717	0	0.000000
717	718	0	0.000000
718	719	0	0.000000
719	720	0	0.000000
720	721	0	0.000000
721	722	0	0.000000
722	723	0	0.000000
723	724	0	0.000000
724	725	0	0.000000
725	726	0	0.000000
726	727	0	0.000000
727	728	0	0.000000
728	729	0	0.000000
729	730	0	0.000000
730	731	0	0.000000
731	732	0	0.000000
732	733	0	0.000000
733	734	0	0.000000
734	735	0	0.000000
735	736	0	0.000000
736	737	0	0.000000
737	738	0	0.000000
738	739	0	0.000000
739	740	0	0.000000
740	741	0	0.000000
741	742	0	0.000000
742	743	0	0.000000
743	744	0	0.000000
744	745	0	0.000000
745	746	0	0.000000
746	747	0	0.000000
747	748	0	0.000000
748	749	0	0.000000
749	750	0	0.000000
750	751	0	0.000000
751	752	0	0.000000
752	753	0	0.000000
753	754	0	0.000000
754	755	0	0.000000
755	756	0	0.000000
756	757	0	0.000000
757	758	0	0.000000
758	759	0	0.000000
759	760	0	0.000000
760	761	0	0.000000
761	762	0	0.000000
762	763	0	0.000000
763	764	0	0.000000
764	765	0	0.000000
765	766	0	0.000000
766	767	0	0.000000
767	768	0	0.000000
768	769	0	0.000000
769	770	0	0.000000
770	771	0	0.000000
771	772	0	0.000000
772	773	0	0.000000
773	774	0	0.000000
774	775	0	0.000000
775	776	0	0.000000
776	777	0	0.000000
777	778	0	0.000000
778	779	0	0.000000
779	780	0	0.000000
780	781	0	0.000000
781	782	0	0.000000
782	783	0	0.000000
783	784	0	0.000000
784	785	0	0.000000
785	786	0	0.000000
786	787	0	0.000000
787	788	0	0.000000
788	789	0	0.000000
789	790	0	0.000000
790	791	0	0.000000
791	792	0	0.000000
792	793	0	0.000000
793	794	0	0.000000
794	795	0	0.000000
795	796	0	0.000000
796	797	0	0.000000
797	798	0	0.000000
798	799	0	0.000000
799	800	0	0.000000
800	801	0	0.000000
801	802	0	0.000000
802	803	0	0.000000
803	804	0	0.000000
804	805	0	0.000000
805	806	0	0.000000
806	807	0	0.000000
807	808	0	0.000000
808	809	0	0.000000
809	810	0	0.000000
810	811	0	0.000000
811	812	0	0.000000
812	813	0	0.000000
813	814	0	0.000000
814	815	0	0.000000
815	816	0	0.000000
816	817	0	0.000000
817	818	0	0.000000
818	819	0	0.000000
819	820	0	0.000000
820	821	0	0.000000
821	822	0	0.000000
822	823	0	0.000000
823	824	0	0.000000
824	825	0	0.000000
825	826	0	0.000000
826	827	0	0.000000
827	828	0	0.000000
828	829	0	0.000000
829	830	0	0.000000
830	831	0	0.000000
831	832	0	0.000000
832	833	0	0.000000
833	834	0	0.000000
834	835	0	0.000000
835	836	0	0.000000
836	837	0	0.000000
837	838	0	0.000000
838	839	0	0.000000
839	840	0	0.000000
840	841	0	0.000000
841	842	0	0.000000
842	843	0	0.000000
843	844	0	0.000000
844	845	0	0.000000
845	846	0	0.000000
846	847	0	0.000000
847	848	0	0.000000
848	849	0	0.000000
849	850	0	0.000000
850	851	0	0.000000
851	852	0	0.000000
852	853	0	0.000000
853	854	0	0.000000
854	855	0	0.000000
855	856	0	0.000000
856	857	0	0.000000
857	858	0	0.000000
858	859	0	0.000000
859	860	0	0.000000
860	861	0	0.000000
861	862	0	0.000000
862	863	0	0.000000
863	864	0	0.000000
864	865	0	0.000000
865	866	0	0.000000
866	867	0	0.000000
867	868	0	0.000000
868	869	0	0.000000
869	870	0	0.000000
870	871	0	0.000000
871	872	0	0.000000
872	873	0	0.000000
873	874	0	0.000000
874	875	0	0.000000
875	876	0	0.000000
876	877	0	0.000000
877	878	0	0.000000
878	879	0	0.000000
879	880	0	0.000000
880	881	0	0.000000
881	882	0	0.000000
882	883	0	0.000000
883	884	0	0.000000
884	885	0	0.000000
885	886	0	0.000000
886	887	0	0.000000
887	888	0	0.000000
888	889	0	0.000000
889	890	0	0.000000
890	891	0	0.000000
891	892	0	0.000000
892	893	0	0.000000
893	894	0	0.000000
894	895	0	0.000000
895	896	0	0.000000
896	897	0	0.000000
897	898	0	0.000000
898	899	0	0.000000
899	900	0	0.000000
900	901	0	0.000000
901	902	0	0.000000
902	903	0	0.000000
903	904	0	0.000000
904	905	0	0.000000
905	906	0	0.000000
906	907	0	0.000000
907	908	0	0.000000
908	909	0	0.000000
909	910	0	0.000000
910	911	0	0.000000
911	912	0	0.000000
912	913	0	0.000000
913	914	0	0.000000
914	915	0	0.000000
915	916	0	0.000000
916	917	0	0.000000
917	918	0	0.000000
918	919	0	0.000000
919	920	0	0.000000
920	921	0	0.000000
921	922	0	0.000000
922	923	0	0.000000
923	924	0	0.000000
924	925	0	0.000000
925	926	0	0.000000
926	927	0	0.000000
927	928	0	0.000000
928	929	0	0.000000
929	930	0	0.000000
930	931	0	0.000000
931	932	0	0.000000
932	933	0	0.000000
933	934	0	0.000000
934	935	0	0.000000
935	936	0	0.000000
936	937	0	0.000000
937	938	0	0.000000
938	939	0	0.000000
939	940	0	0.000000
940	941	0	0.000000
941	942	0	0.000000
942	943	0	0.000000
943	944	0	0.000000
944	945	0	0.000000
945	946	0	0.000000
946	947	0	0.000000
947	948	0	0.000000
948	949	0	0.000000
949	950	0	0.000000
950	951	0	0.000000
951	952	0	0.000000
952	953	0	0.000000
953	954	0	0.000000
954	955	0	0.000000
955	956	0	0.000000
956	957	0	0.000000
957	958	0	0.000000
958	959	0	0.000000
959	960	0	0.000000
960	961	0	0.000000
961	962	0	0.000000
962	963	0	0.000000
963	964	0	0.000000
964	965	0	0.000000
965	966	0	0.000000
966	967	0	0.000000
967	968	0	0.000000
968	969	0	0.000000
969	970	0	0.000000
970	971	0	0.000000
971	972	0	0.000000
972	973	0	0.000000
973	974	0	0.000000
974	975	0	0.000000
975	976	0	0.000000
976	977	0	0.000000
977	978	0	0.000000
978	979	0	0.000000
979	980	0	0.000000
980	981	0	0.000000
981	982	0	0.000000
982	983	0	0.000000
983	984	0	0.000000
984	985	0	0.000000
985	986	0	0.000000
986	987	0	0.000000
987	988	0	0.000000
988	989	0	0.000000
989	990	0	0.000000
990	991	0	0.000000
991	992	0	0.000000
992	993	0	0.000000
993	994	0	0.000000
994	995	0	0.000000
995	996	0	0.000000
996	997	0	0.000000
997	998	0	0.000000
998	999	0	0.000000
999	1000	0	0.000000
1000	1001	0	0.000000
1001	1002	0	0.000000
1002	1003	0	0.000000
1003	1004	0	0.000000
1004	1005	0	0.000000
1005	1006	0	0.000000
1006	1007	0	0.000000
1007	1008	0	0.000000
1008	1009	0	0.000000
1009	1010	0	0.000000
1010	1011	0	0.000000
1011	1012	0	0.000000
1012	1013	0	0.000000
1013	1014	0	0.000000
1014	1015	0	0.000000
1015	1016	0	0.000000
1016	1017	0	0.000000
1017	1018	0	0.000000
1018	1019	0	0.000000
1019	1020	0	0.000000
1020	1021	0	0.000000
1021	1022	0	0.000000
1022	1023	0	0.000000
1023	1024	0	0.000000
1024	1025	0	0.000000
1025	1026	0	0.000000
1026	1027	0	0.000000
1027	1028	0	0.000000
1028	1029	0	0.000000
1029	1030	0	0.000000
1030	1031	0	0.000000
1031	1032	0	0.000000
1032	1033	0	0.000000
1033	1034	0	0.000000
1034	1035	0	0.000000
1035	1036	0	0.000000
1036	1037	0	0.000000
1037	1038	0	0.000000
1038	1039	0	0.000000
1039	1040	0	0.000000
1040	1041	0	0.000000
1041	1042	0	0.000000
1042	1043	0	0.000000
1043	1044	0	0.000000
1044	1045	0	0.000000
1045	1046	0	0.000000
1046	1047	0	0.000000
1047	1048	0	0.000000
1048	1049	0	0.000000
1049	1050	0	0.000000
1050	1051	0	0.000000
1051	1052	0	0.000000
1052	1053	0	0.000000
1053	1054	0	0.000000
1054	1055	0	0.000000
1055	1056	0	0.000000
1056	1057	0	0.000000
1057	1058	0	0.000000
1058	1059	0	0.000000
1059	1060	0	0.000000
1060	1061	0	0.000000
1061	1062	0	0.000000
1062	1063	0	0.000000
1063	1064	0	0.000000
1064	1065	0	0.000000
1065	1066	0	0.000000
1066	1067	0	0.000000
1067	1068	0	0.000000
1068	1069	0	0.000000
1069	1070	0	0.000000
1070	1071	0	0.000000
1071	1072	0	0.000000
1072	1073	0	0.000000
1073	1074	0	0.000000
1074	1075	0	0.000000
1075	1076	0	0.000000
1076	1077	0	0.000000
1077	1078	0	0.000000
1078	1079	0	0.000000
1079	1080	0	0.000000
1080	1081	0	0.000000
1081	1082	0	0.000000
1082	1083	0	0.000000
1083	1084	0	0.000000
1084	1085	0	0.000000
1085	1086	0	0.000000
1086	1087	0	0.000000
1087	1088	0	0.000000
1088	1089	0	0.000000
1089	1090	0	0.000000
1090	1091	0	0.000000
1091	1092	0	0.000000
1092	1093	0	0.000000
1093	1094	0	0.000000
1094	1095	0	0.000000
1095	1096	0	0.000000
1096	1097	0	0.000000
1097	1098	0	0.000000
1098	1099	0	0.000000
1099	1100	0	0.000000
1100	1101	0	0.000000
1101	1102	0	0.000000
1102	1103	0	0.000000
1103	1104	0	0.000000
1104	1105	0	0.000000
1105	1106	0	0.000000
1106	1107	0	0.000000
1107	1108	0	0.000000
1108	1109	0	0.000000
1109	1110	0	0.000000
1110	1111	0	0.000000
1111	1112	0	0.000000
1112	1113	0	0.000000
1113	1114	0	0.000000
1114	1115	0	0.000000
1115	1116	0	0.000000
1116	1117	0	0.000000
1117	1118	0	0.000000
1118	1119	0	0.000000
1119	1120	0	0.000000
1120	1121	0	0.000000
1121	1122	0	0.000000
1122	1123	0	0.000000
1123	1124	0	0.000000
1124	1125	0	0.000000
1125	1126	0	0.000000
1126	1127	0	0.000000
1127	1128	0	0.000000
1128	1129	0	0.000000
1129	1130	0	0.000000
1130	1131	0	0.000000
1131	1132	0	0.000000
1132	1133	0	0.000000
1133	1134	0	0.000000
1134	1135	0	0.000000
1135	1136	0	0.000000
1136	1137	0	0.000000
1137	1138	0	0.000000
1138	1139	0	0.000000
1139	1140	0	0.000000
1140	1141	0	0.000000
1141	1142	0	0.000000
1142	1143	0	0.000000
1143	1144	0	0.000000
1144	1145	0	0.000000
1145	1146	0	0.000000
1146	1147	0	0.000000
1147	1148	0	0.000000
1148	1149	0	0.000000
1149	1150	0	0.000000
1150	1151	0	0.000000
1151	1152	0	0.000000
1152	1153	0	0.000000
1153	1154	0	0.000000
1154	1155	0	0.000000
1155	1156	0	0.000000
1156	1157	0	0.000000
1157	1158	0	0.000000
1158	1159	0	0.000000
1159	1160	0	0.000000
1160	1161	0	0.000000
1161	1162	0	0.000000
1162	1163	0	0.000000
1163	1164	0	0.000000
1164	1165	0	0.000000
1165	1166	0	0.000000
1166	1167	0	0.000000
1167	1168	0	0.000000
1168	1169	0	0.000000
1169	1170	0	0.000000
1170	1171	0	0.000000
1171	1172	0	0.000000
1172	1173	0	0.000000
1173	1174	0	0.000000
1174	1175	0	0.000000
1175	1176	0	0.000000
1176	1177	0	0.000000
1177	1178	0	0.000000
1178	1179	0	0.000000
1179	1180	0	0.000000
1180	1181	0	0.000000
1181	1182	0	0.000000
1182	1183	0	0.000000
1183	1184	0	0.000000
1184	1185	0	0.000000
1185	1186	0	0.000000
1186	1187	0	0.000000
1187	1188	0	0.000000
1188	1189	0	0.000000
1189	1190	0	0.000000
1190	1191	0	0.000000
1191	1192	0	0.000000
1192	1193	0	0.000000
1193	1194	0	0.000000
1194	1195	0	0.000000
1195	1196	0	0.000000
1196	1197	0	0.000000
1197	1198	0	0.000000
1198	1199	0	0.000000
1199	1200	0	0.000000
1200	1201	0	0.000000
1201	1202	0	0.000000
1202	1203	0	0.000000
1203	1204	0	0.000000
1204	1205	0	0.000000
1205	1206	0	0.000000
1206	1207	0	0.000000
1207	1208	0	0.000000
1208	1209	0	0.000000
1209	1210	0	0.000000
1210	1211	0	0.000000
1211	1212	0	0.000000
1212	1213	0	0.000000
1213	1214	0	0.000000
1214	1215	0	0.000000
1215	1216	0	0.000000
1216	1217	0	0.000000
1217	1218	0	0.000000
1218	1219	0	0.000000
1219	1220	0	0.000000
1220	1221	0	0.000000
1221	1222	0	0.000000
1222	1223	0	0.000000
1223	1224	0	0.000000
1224	1225	0	0.000000
1225	1226	0	0.000000
1226	1227	0	0.000000
1227	1228	0	0.000000
1228	1229	0	0.000000
1229	1230	0	0.000000
1230	1231	0	0.000000
1231	1232	0	0.000000
1232	1233	0	0.000000
1233	1234	0	0.000000
1234	1235	0	0.000000
1235	1236	0	0.000000
1236	1237	0	0.000000
1237	1238	0	0.000000
1238	1239	0	0.000000
1239	1240	0	0.000000
1240	1241	0	0.000000
1241	1242	0	0.000000
1242	1243	0	0.000000
1243	1244	0	0.000000
1244	1245	0	0.000000
1245	1246	0	0.000000
1246	1247	0	0.000000
1247	1248	0	0.000000
1248	1249	0	0.000000
1249	1250	0	0.000000
1250	1251	0	0.000000
1251	1252	0	0.000000
1252	1253	0	0.000000
1253	1254	0	0.000000
1254	1255	0	0.000000
1255	1256	0	0.000000
1256	1257	0	0.000000
1257	1258	0	0.000000
1258	1259	0	0.000000
1259	1260	0	0.000000
1260	1261	0	0.000000
1261	1262	0	0.000000
1262	1263	0	0.000000
1263	1264	0	0.000000
1264	1265	0	0.000000
1265	1266	0	0.000000
1266	1267	0	0.000000
1267	1268	0	0.000000
1268	1269	0	0.000000
1269	1270	0	0.000000
1270	1271	0	0.000000
1271	1272	0	0.000000
1272	1273	0	0.000000
1273	1274	0	0.000000
1274	1275	0	0.000000
1275	1276	0	0.000000
1276	1277	0	0.000000
1277	1278	0	0.000000
1278	1279	0	0.000000
1279	1280	0	0.000000
1280	1281	0	0.000000
1281	1282	0	0.000000
1282	1283	0	0.000000
1283	1284	0	0.000000
1284	1285	0	0.000000
1285	1286	0	0.000000
1286	1287	0	0.000000
1287	1288	0	0.000000
1288	1289	0	0.000000
1289	1290	0	0.000000
1290	1291	0	0.000000
1291	1292	0	0.000000
1292	1293	0	0.000000
1293	1294	0	0.000000
1294	1295	0	0.000000
1295	1296	0	0.000000
1296	1297	0	0.000000
1297	1298	0	0.000000
1298	1299	0	0.000000
1299	1300	0	0.000000
1300	1301	0	0.000000
1301	1302	0	0.000000
1302	1303	0	0.000000
1303	1304	0	0.000000
1304	1305	0	0.000000
1305	1306	0	0.000000
1306	1307	0	0.000000
1307	1308	0	0.000000
1308	1309	0	0.000000
1309	1310	0	0.000000
1310	1311	0	0.000000
1311	1312	0	0.000000
1312	1313	0	0.000000
1313	1314	0	0.000000
1314	1315	0	0.000000
1315	1316	0	0.000000
1316	1317	0	0.000000
1317	1318	0	0.000000
1318	1319	0	0.000000
1319	1320	0	0.000000
1320	1321	0	0.000000
1321	1322	0	0.000000
1322	1323	0	0.000000
1323	1324	0	0.000000
1324	1325	0	0.000000
1325	1326	0	0.000000
1326	1327	0	0.000000
1327	1328	0	0.000000
1328	1329	0	0.000000
1329	1330	0	0.000000
1330	1331	0	0.000000
1331	1332	0	0.000000
1332	1333	0	0.000000
1333	1334	0	0.000000
1334	1335	0	0.000000
1335	1336	0	0.000000
1336	1337	0	0.000000
1337	1338	0	0.000000
1338	1339	0	0.000000
1339	1340	0	0.000000
1340	1341	0	0.000000
1341	1342	0	0.000000
1342	1343	0	0.000000
1343	1344	0	0.000000
1344	1345	0	0.000000
1345	1346	0	0.000000
1346	1347	0	0.000000
1347	1348	0	0.000000
1348	1349	0	0.000000
1349	1350	0	0.000000
1350	1351	0	0.000000
1351	1352	0	0.000000
1352	1353	0	0.000000
1353	1354	0	0.000000
1354	1355	0	0.000000
1355	1356	0	0.000000
1356	1357	0	0.000000
1357	1358	0	0.000000
1358	1359	0	0.000000
1359	1360	0	0.000000
1360	1361	0	0.000000
1361	1362	0	0.000000
1362	1363	0	0.000000
1363	1364	0	0.000000
1364	1365	0	0.000000
1365	1366	0	0.000000
1366	1367	0	0.000000
1367	1368	0	0.000000
1368	1369	0	0.000000
1369	1370	0	0.000000
1370	1371	0	0.000000
1371	1372	0	0.000000
1372	1373	0	0.000000
1373	1374	0	0.000000
1374	1375	0	0.000000
1375	1376	0	0.000000
1376	1377	0	0.000000
1377	1378	0	0.000000
1378	1379	0	0.000000
1379	1380	0	0.000000
1380	1381	0	0.000000
1381	1382	0	0.000000
1382	1383	0	0.000000
1383	1384	0	0.000000
1384	1385	0	0.000000
1385	1386	0	0.000000
1386	1387	0	0.000000
1387	1388	0	0.000000
1388	1389	0	0.000000
1389	1390	0	0.000000
1390	1391	0	0.000000
1391	1392	0	0.000000
1392	1393	0	0.000000
1393	1394	0	0.000000
1394	1395	0	0.000000
1395	1396	0	0.000000
1396	1397	0	0.000000
1397	1398	0	0.000000
1398	1399	0	0.000000
1399	1400	0	0.000000
1400	1401	0	0.000000
1401	1402	0	0.000000
1402	1403	0	0.000000
1403	1404	0	0.000000
1404	1405	0	0.000000
1405	1406	0	0.000000
1406	1407	0	0.000000
1407	1408	0	0.000000
1408	1409	0	0.000000
1409	1410	0	0.000000
1410	1411	0	0.000000
1411	1412	0	0.000000
1412	1413	0	0.000000
1413	1414	0	0.000000
1414	1415	0	0.000000
1415	1416	0	0.000000
1416	1417	0	0.000000
1417	1418	0	0.000000
1418	1419	0	0.000000
1419	1420	0	0.000000
1420	1421	0	0.000000
1421	1422	0	0.000000
1422	1423	0	0.000000
1423	1424	0	0.000000
1424	1425	0	0.000000
1425	1426	0	0.000000
1426	1427	0	0.000000
1427	1428	0	0.000000
1428	1429	0	0.000000
1429	1430	0	0.000000
1430	1431	0	0.000000
1431	1432	0	0.000000
1432	1433	0	0.000000
1433	1434	0	0.000000
1434	1435	0	0.000000
1435	1436	0	0.000000
1436	1437	0	0.000000
1437	1438	0	0.000000
1438	1439	0	0.000000
1439	1440	0	0.000000
1440	1441	0	0.000000
1441	1442	0	0.000000
1442	1443	0	0.000000
1443	1444	0	0.000000
1444	1445	0	0.000000
1445	1446	0	0.000000
1446	1447	0	0.000000
1447	1448	0	0.000000
1448	1449	0	0.000000
1449	1450	0	0.000000
1450	1451	0	0.000000
1451	1452	0	0.000000
1452	1453	0	0.000000
1453	1454	0	0.000000
1454	1455	0	0.000000
1455	1456	0	0.000000
1456	1457	0	0.000000
1457	1458	0	0.000000
1458	1459	0	0.000000
1459	1460	0	0.000000
1460	1461	0	0.000000
1461	1462	0	0.000000
1462	1463	0	0.000000
1463	1464	0	0.000000
1464	1465	0	0.000000
1465	1466	0	0.000000
1466	1467	0	0.000000
1467	1468	0	0.000000
1468	1469	0	0.000000
1469	1470	0	0.000000
1470	1471	0	0.000000
1471	1472	0	0.000000
1472	1473	0	0.000000
1473	1474	0	0.000000
1474	1475	0	0.000000
1475	1476	0	0.000000
1476	1477	0	0.000000
1477	1478	0	0.000000
1478	1479	0	0.000000
1479	1480	0	0.000000
1480	1481	0	0.000000
1481	1482	0	0.000000
1482	1483	0	0.000000
1483	1484	0	0.000000
1484	1485	0	0.000000
1485	1486	0	0.000000
1486	1487	0	0.000000
1487	1488	0	0.000000
1488	1489	0	0.000000
1489	1490	0	0.000000
1490	1491	0	0.000000
1491	1492	0	0.000000
1492	1493	0	0.000000
1493	1494	0	0.000000
1494	1495	0	0.000000
1495	1496	0	0.000000
1496	1497	0	0.000000
1497	1498	0	0.000000
1498	1499	0	0.000000
1499	1500	0	0.000000
1500	1501	0	0.000000
1501	1502	0	0.000000
1502	1503	0	0.000000
1503	1504	0	0.000000
1504	1505	0	0.000000
1505	1506	0	0.000000
1506	1507	0	0.000000
1507	1508	0	0.000000
1508	1509	0	0.000000
1509	1510	0	0.000000
1510	1511	0	0.000000
1511	1512	0	0.000000
1512	1513	0	0.000000
1513	1514	0	0.000000
1514	1515	0	0.000000
1515	1516	0	0.000000
1516	1517	0	0.000000
1517	1518	0	0.000000
1518	1519	0	0.000000
1519	1520	0	0.000000
1520	1521	0	0.000000
1521	1522	0	0.000000
1522	1523	0	0.000000
1523	1524	0	0.000000
1524	1525	0	0.000000
1525	1526	0	0.000000
1526	1527	0	0.000000
1527	1528	0	0.000000
1528	1529	0	0.000000
1529	1530	0	0.000000
1530	1531	0	0.000000
1531	1532	0	0.000000
1532	1533	0	0.000000
1533	1534	0	0.000000
1534	1535	0	0.000000
1535	1536	0	0.000000
1536	1537	0	0.000000
1537	1538	0	0.000000
1538	1539	0	0.000000
1539	1540	0	0.000000
1540	1541	0	0.000000
1541	1542	0	0.000000
1542	1543	0	0.000000
1543	1544	0	0.000000
1544	1545	0	0.000000
1545	1546	0	0.000000
1546	1547	0	0.000000
1547	1548	0	0.000000
1548	1549	0	0.000000
1549	1550	0	0.000000
1550	1551	0	0.000000
1551	1552	0	0.000000
1552	1553	0	0.000000
1553	1554	0	0.000000
1554	1555	0	0.000000
1555	1556	0	0.000000
1556	1557	0	0.000000
1557	1558	0	0.000000
1558	1559	0	0.000000
1559	1560	0	0.000000
1560	1561	0	0.000000
1561	1562	0	0.000000
1562	1563	0	0.000000
1563	1564	0	0.000000
1564	1565	0	0.000000
1565	1566	0	0.000000
1566	1567	0	0.000000
1567	1568	0	0.000000
1568	1569	0	0.000000
1569	1570	0	0.000000
1570	1571	0	0.000000
1571	1572	0	0.000000
1572	1573	0	0.000000
1573	1574	0	0.000000
1574	1575	0	0.000000
1575	1576	0	0.000000
1576	1577	0	0.000000
1577	1578	0	0.000000
1578	1579	0	0.000000
1579	1580	0	0.000000
1580	1581	0	0.000000
1581	1582	0	0.000000
1582	1583	0	0.000000
1583	1584	0	0.000000
1584	1585	0	0.000000
1585	1586	0	0.000000
1586	1587	0	0.000000
1587	1588	0	0.000000
1588	1589	0	0.000000
1589	1590	0	0.000000
1590	1591	0	0.000000
1591	1592	0	0.000000
1592	1593	0	0.000000
1593	1594	0	0.000000
1594	1595	0	0.000000
1595	1596	0	0.000000
1596	1597	0	0.000000
1597	1598	0	0.000000
1598	1599	0	0.000000
1599	1600	0	0.000000
1600	1601	0	0.000000
1601	1602	0	0.000000
1602	1603	0	0.000000
1603	1604	0	0.000000
1604	1605	0	0.000000
1605	1606	0	0.000000
1606	1607	0	0.000000
1607	1608	0	0.000000
1608	1609	0	0.000000
1609	1610	0	0.000000
1610	1611	0	0.000000
1611	1612	0	0.000000
1612	1613	0	0.000000
1613	1614	0	0.000000
1614	1615	0	0.000000
1615	1616	0	0.000000
1616	1617	0	0.000000
1617	1618	0	0.000000
1618	1619	0	0.000000
1619	1620	0	0.000000
1620	1621	0	0.000000
1621	1622	0	0.000000
1622	1623	0	0.000000
1623	1624	0	0.000000
1624	1625	0	0.000000
1625	1626	0	0.000000
1626	1627	0	0.000000
1627	1628	0	0.000000
1628	1629	0	0.000000
1629	1630	0	0.000000
1630	1631	0	0.000000
1631	1632	0	0.000000
1632	1633	0	0.000000
1633	1634	0	0.000000
1634	1635	0	0.000000
1635	1636	0	0.000000
1636	1637	0	0.000000
1637	1638	0	0.000000
1638	1639	0	0.000000
1639	1640	0	0.000000
1640	1641	0	0.000000
1641	1642	0	0.000000
1642	1643	0	0.000000
1643	1644	0	0.000000
1644	1645	0	0.000000
1645	1646	0	0.000000
1646	1647	0	0.000000
1647	1648	0	0.000000
1648	1649	0	0.000000
1649	1650	0	0.000000
1650	1651	0	0.000000
1651	1652	0	0.000000
1652	1653	0	0.000000
1653	1654	0	0.000000
1654	1655	0	0.000000
1655	1656	0	0.000000
1656	1657	0	0.000000
1657	1658	0	0.000000
1658	1659	0	0.000000
1659	1660	0	0.000000
1660	1661	0	0.000000
1661	1662	0	0.000000
1662	1663	0	0.000000
1663	1664	0	0.000000
1664	1665	0	0.000000
1665	1666	0	0.000000
1666	1667	0	0.000000
1667	1668	0	0.000000
1668	1669	0	0.000000
1669	1670	0	0.000000
1670	1671	0	0.000000
1671	1672	0	0.000000
1672	1673	0	0.000000
1673	1674	0	0.000000
1674	1675	0	0.000000
1675	1676	0	0.000000
1676	1677	0	0.000000
1677	1678	0	0.000000
1678	1679	0	0.000000
1679	1680	0	0.000000
1680	1681	0	0.000000
1681	1682	0	0.000000
1682	1683	0	0.000000
1683	1684	0	0.000000
1684	1685	0	0.000000
1685	1686	0	0.000000
1686	1687	0	0.000000
1687	1688	0	0.000000
1688	1689	0	0.000000
1689	1690	0	0.000000
1690	1691	0	0.000000
1691	1692	0	0.000000
1692	1693	0	0.000000
1693	1694	0	0.000000
1694	1695	0	0.000000
1695	1696	0	0.000000
1696	1697	0	0.000000
1697	1698	0	0.000000
1698	1699	0	0.000000
1699	1700	0	0.000000
1700	1701	0	0.000000
1701	1702	0	0.000000
1702	1703	0	0.000000
1703	1704	0	0.000000
1704	1705	0	0.000000
1705	1706	0	0.000000
1706	1707	0	0.000000
1707	1708	0	0.000000
1708	1709	0	0.000000
1709	1710	0	0.000000
1710	1711	0	0.000000
1711	1712	0	0.000000
1712	1713	0	0.000000
1713	1714	0	0.000000
1714	1715	0	0.000000
1715	1716	0	0.000000
1716	1717	0	0.000000
1717	1718	0	0.000000
1718	1719	0	0.000000
1719	1720	0	0.000000
1720	1721	0	0.000000
1721	1722	0	0.000000
1722	1723	0	0.000000
1723	1724	0	0.000000
1724	1725	0	0.000000
1725	1726	0	0.000000
1726	1727	0	0.000000
1727	1728	0	0.000000
1728	1729	0	0.000000
1729	1730	0	0.000000
1730	1731	0	0.000000
1731	1732	0	0.000000
1732	1733	0	0.000000
1733	1734	0	0.000000
1734	1735	0	0.000000
1735	1736	0	0.000000
1736	1737	0	0.000000
1737	1738	0	0.000000
1738	1739	0	0.000000
1739	1740	0	0.000000
1740	1741	0	0.000000
1741	1742	0	0.000000
1742	1743	0	0.000000
1743	1744	0	0.000000
1744	1745	0	0.000000
1745	1746	0	0.000000
1746	1747	0	0.000000
1747	1748	0	0.000000
1748	1749	0	0.000000
1749	1750	0	0.000000
1750	1751	0	0.000000
1751	1752	0	0.000000
1752	1753	0	0.000000
1753	1754	0	0.000000
1754	1755	0	0.000000
1755	1756	0	0.000000
1756	1757	0	0.000000
1757	1758	0	0.000000
1758	1759	0	0.000000
1759	1760	0	0.000000
1760	1761	0	0.000000
1761	1762	0	0.000000
1762	1763	0	0.000000
1763	1764	0	0.000000
1764	1765	0	0.000000
1765	1766	0	0.000000
1766	1767	0	0.000000
1767	1768	0	0.000000
1768	1769	0	0.000000
1769	1770	0	0.000000
1770	1771	0	0.000000
1771	1772	0	0.000000
1772	1773	0	0.000000
1773	1774	0	0.000000
1774	1775	0	0.000000
1775	1776	0	0.000000
1776	1777	0	0.000000
1777	1778	0	0.000000
1778	1779	0	0.000000
1779	1780	0	0.000000
1780	1781	0	0.000000
1781	1782	0	0.000000
1782	1783	0	0.000000
1783	1784	0	0.000000
1784	1785	0	0.000000
1785	1786	0	0.000000
1786	1787	0	0.000000
1787	1788	0	0.000000
1788	1789	0	0.000000
1789	1790	0	0.000000
1790	1791	0	0.000000
1791	1792	0	0.000000
1792	1793	0	0.000000
1793	1794	0	0.000000
1794	1795	0	0.000000
1795	1796	0	0.000000
1796	1797	0	0.000000
1797	1798	0	0.000000
1798	1799	0	0.000000
1799	1800	0	0.000000
1800	1801	0	0.000000
1801	1802	0	0.000000
1802	1803	0	0.000000
1803	1804	0	0.000000
1804	1805	0	0.000000
1805	1806	0	0.000000
1806	1807	0	0.000000
1807	1808	0	0.000000
1808	1809	0	0.000000
1809	1810	0	0.000000
1810	1811	0	0.000000
1811	1812	0	0.000000
1812	1813	0	0.000000
1813	1814	0	0.000000
1814	1815	0	0.000000
1815	1816	0	0.000000
1816	1817	0	0.000000
1817	1818	0	0.000000
1818	1819	0	0.000000
1819	1820	0	0.000000
1820	1821	0	0.000000
1821	1822	0	0.000000
1822	1823	0	0.000000
1823	1824	0	0.000000
1824	1825	0	0.000000
1825	1826	0	0.000000
1826	1827	0	0.000000
1827	1828	0	0.000000
1828	1829	0	0.000000
1829	1830	0	0.000000
1830	1831	0	0.000000
1831	1832	0	0.000000
1832	1833	0	0.000000
1833	1834	0	0.000000
1834	1835	0	0.000000
1835	1836	0	0.000000
1836	1837	0	0.000000
1837	1838	0	0.000000
1838	1839	0	0.000000
1839	1840	0	0.000000
1840	1841	0	0.000000
1841	1842	0	0.000000
1842	1843	0	0.000000
1843	1844	0	0.000000
1844	1845	0	0.000000
1845	1846	0	0.000000
1846	1847	0	0.000000
1847	1848	0	0.000000
1848	1849	0	0.000000
1849	1850	0	0.000000
1850	1851	0	0.000000
1851	1852	0	0.000000
1852	1853	0	0.000000
1853	1854	0	0.000000
1854	1855	0	0.000000
1855	1856	0	0.000000
1856	1857	0	0.000000
1857	1858	0	0.000000
1858	1859	0	0.000000
1859	1860	0	0.000000
1860	1861	0	0.000000
1861	1862	0	0.000000
1862	1863	0	0.000000
1863	1864	0	0.000000
1864	1865	0	0.000000
1865	1866	0	0.000000
1866	1867	0	0.000000
1867	1868	0	0.000000
1868	1869	0	0.000000
1869	1870	0	0.000000
1870	1871	0	0.000000
1871	1872	0	0.000000
1872	1873	0	0.000000
1873	1874	0	0.000000
1874	1875	0	0.000000
1875	1876	0	0.000000
1876	1877	0	0.000000
1877	1878	0	0.000000
1878	1879	0	0.000000
1879	1880	0	0.000000
1880	1881	0	0.000000
1881	1882	0	0.000000
1882	1883	0	0.000000
1883	1884	0	0.000000
1884	1885	0	0.000000
1885	1886	0	0.000000
1886	1887	0	0.000000
1887	1888	0	0.000000
1888	1889	0	0.000000
1889	1890	0	0.000000
1890	1891	0	0.000000
1891	1892	0	0.000000
1892	1893	0	0.000000
1893	1894	0	0.000000
1894	1895	0	0.000000
1895	1896	0	0.000000
1896	1897	0	0.000000
1897	1898	0	0.000000
1898	1899	0	0.000000
1899	1900	0	0.000000
1900	1901	0	0.000000
1901	1902	0	0.000000
1902	1903	0	0.000000
1903	1904	0	0.000000
1904	1905	0	0.000000
1905	1906	0	0.000000
1906	1907	0	0.000000
1907	1908	0	0.000000
1908	1909	0	0.000000
1909	1910	0	0.000000
1910	1911	0	0.000000
1911	1912	0	0.000000
1912	1913	0	0.000000
1913	1914	0	0.000000
1914	1915	0	0.000000
1915	1916	0	0.000000
1916	1917	0	0.000000
1917	1918	0	0.000000
1918	1919	0	0.000000
1919	1920	0	0.000000
1920	1921	0	0.000000
1921	1922	0	0.000000
1922	1923	0	0.000000
1923	1924	0	0.000000
1924	1925	0	0.000000
1925	1926	0	0.000000
1926	1927	0	0.000000
1927	1928	0	0.000000
1928	1929	0	0.000000
1929	1930	0	0.000000
1930	1931	0	0.000000
1931	1932	0	0.000000
1932	1933	0	0.000000
1933	1934	0	0.000000
1934	1935	0	0.000000
1935	1936	0	0.000000
1936	1937	0	0.000000
1937	1938	0	0.000000
1938	1939	0	0.000000
1939	1940	0	0.000000
1940	1941	0	0.000000
1941	1942	0	0.000000
1942	1943	0	0.000000
1943	1944	0	0.000000
1944	1945	0	0.000000
1945	1946	0	0.000000
1946	1947	0	0.000000
1947	1948	0	0.000000
1948	1949	0	0.000000
1949	1950	0	0.000000
1950	1951	0	0.000000
1951	1952	0	0.000000
1952	1953	0	0.000000
1953	1954	0	0.000000
1954	1955	0	0.000000
1955	1956	0	0.000000
1956	1957	0	0.000000
1957	1958	0	0.000000
1958	1959	0	0.000000
1959	1960	0	0.000000
1960	1961	0	0.000000
1961	1962	0	0.000000
1962	1963	0	0.000000
1963	1964	0	0.000000
1964	1965	0	0.000000
1965	1966	0	0.000000
1966	1967	0	0.000000
1967	1968	0	0.000000
1968	1969	0	0.000000
1969	1970	0	0.000000
1970	1971	0	0.000000
1971	1972	0	0.000000
1972	1973	0	0.000000
1973	1974	0	0.000000
1974	1975	0	0.000000
1975	1976	0	0.000000
1976	1977	0	0.000000
1977	1978	0	0.000000
1978	1979	0	0.000000
1979	1980	0	0.000000
1980	1981	0	0.000000
1981	1982	0	0.000000
1982	1983	0	0.000000
1983	1984	0	0.000000
1984	1985	0	0.000000
1985	1986	0	0.000000
1986	1987	0	0.000000
1987	1988	0	0.000000
1988	1989	0	0.000000
1989	1990	0	0.000000
1990	1991	0	0.000000
1991	1992	0	0.000000
1992	1993	0	0.000000
1993	1994	0	0.000000
1994	1995	0	0.000000
1995	1996	0	0.000000
1996	1997	0	0.000000
1997	1998	0	0.000000
1998	1999	0	0.000000
1999	2000	0	0.000000
2000	2001	0	0.000000
2001	2002	0	0.000000
2002	2003	0	0.000000
2003	2004	0	0.000000
2004	2005	0	0.000000
2005	2006	0	0.000000
2006	2007	0	0.000000
2007	2008	0	0.000000
2008	2009	0	0.000000
2009	2010	0	0.000000
2010	2011	0	0.000000
2011	2012	0	0.000000
2012	2013	0	0.000000
2013	2014	0	0.000000
2014	2015	0	0.000000
2015	2016	0	0.000000
2016	2017	0	0.000000
2017	2018	0	0.000000
2018	2019	0	0.000000
2019	2020	0	0.000000
2020	2021	0	0.000000
2021	2022	0	0.000000
2022	2023	0	0.000000
2023	2024	0	0.000000
2024	2025	0	0.000000
2025	2026	0	0.000000
2026	2027	0	0.000000
2027	2028	0	0.000000
2028	2029	0	0.000000
2029	2030	0	0.000000
2030	2031	0	0.000000
2031	2032	0	0.000000
2032	2033	0	0.000000
2033	2034	0	0.000000
2034	2035	0	0.000000
2035	2036	0	0.000000
2036	2037	0	0.000000
2037	2038	0	0.000000
2038	2039	0	0.000000
2039	2040	0	0.000000
2040	2041	0	0.000000
2041	2042	0	0.000000
2042	2043	0	0.000000
2043	2044	0	0.000000
2044	2045	0	0.000000
2045	2046	0	0.000000
2046	2047	0	0.000000
2047	2048	0	0.000000
2048	2049	0	0.000000
2049	2050	0	0.000000
2050	2051	0	0.000000
2051	2052	0	0.000000
2052	2053	0	0.000000
2053	2054	0	0.000000
2054	2055	0	0.000000
2055	2056	0	0.000000
2056	2057	0	0.000000
2057	2058	0	0.000000
2058	2059	0	0.000000
2059	2060	0	0.000000
2060	2061	0	0.000000
2061	2062	0	0.000000
2062	2063	0	0.000000
2063	2064	0	0.000000
2064	2065	0	0.000000
2065	2066	0	0.000000
2066	2067	0	0.000000
2067	2068	0	0.000000
2068	2069	0	0.000000
2069	2070	0	0.000000
2070	2071	0	0.000000
2071	2072	0	0.000000
2072	2073	0	0.000000
2073	2074	0	0.000000
2074	2075	0	0.000000
2075	2076	0	0.000000
2076	2077	0	0.000000
2077	2078	0	0.000000
2078	2079	0	0.000000
2079	2080	0	0.000000
2080	2081	0	0.000000
2081	2082	0	0.000000
2082	2083	0	0.000000
2083	2084	0	0.000000
2084	2085	0	0.000000
2085	2086	0	0.000000
2086	2087	0	0.000000
2087	2088	0	0.000000
2088	2089	0	0.000000
2089	2090	0	0.000000
2090	2091	0	0.000000
2091	2092	0	0.000000
2092	2093	0	0.000000
2093	2094	0	0.000000
2094	2095	0	0.000000
2095	2096	0	0.000000
2096	2097	0	0.000000
2097	2098	0	0.000000
2098	2099	0	0.000000
2099	2100	0	0.000000
2100	2101	0	0.000000
2101	2102	0	0.000000
2102	2103	0	0.000000
2103	2104	0	0.000000
2104	2105	0	0.000000
2105	2106	0	0.000000
2106	2107	0	0.000000
2107	2108	0	0.000000
2108	2109	0	0.000000
2109	2110	0	0.000000
2110	2111	0	0.000000
2111	2112	0	0.000000
2112	2113	0	0.000000
2113	2114	0	0.000000
2114	2115	0	0.000000
2115	2116	0	0.000000
2116	2117	0	0.000000
2117	2118	0	0.000000
2118	2119	0	0.000000
2119	2120	0	0.000000
2120	2121	0	0.000000
2121	2122	0	0.000000
2122	2123	0	0.000000
2123	2124	0	0.000000
2124	2125	0	0.000000
2125	2126	0	0.000000
2126	2127	0	0.000000
2127	2128	0	0.000000
2128	2129	0	0.000000
2129	2130	0	0.000000
2130	2131	0	0.000000
2131	2132	0	0.000000
2132	2133	0	0.000000
2133	2134	0	0.000000
2134	2135	0	0.000000
2135	2136	0	0.000000
2136	2137	0	0.000000
2137	2138	0	0.000000
2138	2139	0	0.000000
2139	2140	0	0.000000
2140	2141	0	0.000000
2141	2142	0	0.000000
2142	2143	0	0.000000
2143	2144	0	0.000000
2144	2145	0	0.000000
2145	2146	0	0.000000
2146	2147	0	0.000000
2147	2148	0	0.000000
2148	2149	0	0.000000
2149	2150	0	0.000000
2150	2151	0	0.000000
2151	2152	0	0.000000
2152	2153	0	0.000000
2153	2154	0	0.000000
2154	2155	0	0.000000
2155	2156	0	0.000000
2156	2157	0	0.000000
2157	2158	0	0.000000
2158	2159	0	0.000000
2159	2160	0	0.000000
2160	2161	0	0.000000
2161	2162	0	0.000000
2162	2163	0	0.000000
2163	2164	0	0.000000
2164	2165	0	0.000000
2165	2166	0	0.000000
2166	2167	0	0.000000
2167	2168	0	0.000000
2168	2169	0	0.000000
2169	2170	0	0.000000
2170	2171	0	0.000000
2171	2172	0	0.000000
2172	2173	0	0.000000
2173	2174	0	0.000000
2174	2175	0	0.000000
2175	2176	0	0.000000
2176	2177	0	0.000000
2177	2178	0	0.000000
2178	2179	0	0.000000
2179	2180	0	0.000000
2180	2181	0	0.000000
2181	2182	0	0.000000
2182	2183	0	0.000000
2183	2184	0	0.000000
2184	2185	0	0.000000
2185	2186	0	0.000000
2186	2187	0	0.000000
2187	2188	0	0.000000
2188	2189	0	0.000000
2189	2190	0	0.000000
2190	2191	0	0.000000
2191	2192	0	0.000000
2192	2193	0	0.000000
2193	2194	0	0.000000
2194	2195	0	0.000000
2195	2196	0	0.000000
2196	2197	0	0.000000
2197	2198	0	0.000000
2198	2199	0	0.000000
2199	2200	0	0.000000
2200	2201	0	0.000000
2201	2202	0	0.000000
2202	2203	0	0.000000
2203	2204	0	0.000000
2204	2205	0	0.000000
2205	2206	0	0.000000
2206	2207	0	0.000000
2207	2208	0	0.000000
2208	2209	0	0.000000
2209	2210	0	0.000000
2210	2211	0	0.000000
2211	2212	0	0.000000
2212	2213	0	0.000000
2213	2214	0	0.000000
2214	2215	0	0.000000
2215	2216	0	0.000000
2216	2217	0	0.000000
2217	2218	0	0.000000
2218	2219	0	0.000000
2219	2220	0	0.000000
2220	2221	0	0.000000
2221	2222	0	0.000000
2222	2223	0	0.000000
2223	2224	0	0.000000
2224	2225	0	0.000000
2225	2226	0	0.000000
2226	2227	0	0.000000
2227	2228	0	0.000000
2228	2229	0	0.000000
2229	2230	0	0.000000
2230	2231	0	0.000000
2231	2232	0	0.000000
2232	2233	0	0.000000
2233	2234	0	0.000000
2234	2235	0	0.000000
2235	2236	0	0.000000
2236	2237	0	0.000000
2237	2238	0	0.000000
2238	2239	0	0.000000
2239	2240	0	0.000000
2240	2241	0	0.000000
2241	2242	0	0.000000
2242	2243	0	0.000000
2243	2244	0	0.000000
2244	2245	0	0.000000
2245	2246	0	0.000000
2246	2247	0	0.000000
2247	2248	0	0.000000
2248	2249	0	0.000000
2249	2250	0	0.000000
2250	2251	0	0.000000
2251	2252	0	0.000000
2252	2253	0	0.000000
2253	2254	0	0.000000
2254	2255	0	0.000000
2255	2256	0	0.000000
2256	2257	0	0.000000
2257	2258	0	0.000000
2258	2259	0	0.000000
2259	2260	0	0.000000
2260	2261	0	0.000000
2261	2262	0	0.000000
2262	2263	0	0.000000
2263	2264	0	0.000000
2264	2265	0	0.000000
2265	2266	0	0.000000
2266	2267	0	0.000000
2267	2268	0	0.000000
2268	2269	0	0.000000
2269	2270	0	0.000000
2270	2271	0	0.000000
2271	2272	0	0.000000
2272	2273	0	0.000000
2273	2274	0	0.000000
2274	2275	0	0.000000
2275	2276	0	0.000000
2276	2277	0	0.000000
2277	2278	0	0.000000
2278	2279	0	0.000000
2279	2280	0	0.000000
2280	2281	0	0.000000
2281	2282	0	0.000000
2282	2283	0	0.000000
2283	2284	0	0.000000
2284	2285	0	0.000000
2285	2286	0	0.000000
2286	2287	0	0.000000
2287	2288	0	0.000000
2288	2289	0	0.000000
2289	2290	0	0.000000
2290	2291	0	0.000000
2291	2292	0	0.000000
2292	2293	0	0.000000
2293	2294	0	0.000000
2294	2295	0	0.000000
2295	2296	0	0.000000
2296	2297	0	0.000000
2297	2298	0	0.000000
2298	2299	0	0.000000
2299	2300	0	0.000000
2300	2301	0	0.000000
2301	2302	0	0.000000
2302	2303	0	0.000000
2303	2304	0	0.000000
2304	2305	0	0.000000
2305	2306	0	0.000000
2306	2307	0	0.000000
2307	2308	0	0.000000
2308	2309	0	0.000000
2309	2310	0	0.000000
2310	2311	0	0.000000
2311	2312	0	0.000000
2312	2313	0	0.000000
2313	2314	0	0.000000
2314	2315	0	0.000000
2315	2316	0	0.000000
2316	2317	0	0.000000
2317	2318	0	0.000000
2318	2319	0	0.000000
2319	2320	0	0.000000
2320	2321	0	0.000000
2321	2322	0	0.000000
2322	2323	0	0.000000
2323	2324	0	0.000000
2324	2325	0	0.000000
2325	2326	0	0.000000
2326	2327	0	0.000000
2327	2328	0	0.000000
2328	2329	0	0.000000
2329	2330	0	0.000000
2330	2331	0	0.000000
2331	2332	0	0.000000
2332	2333	0	0.000000
2333	2334	0	0.000000
2334	2335	0	0.000000
2335	2336	0	0.000000
2336	2337	0	0.000000
2337	2338	0	0.000000
2338	2339	0	0.000000
2339	2340	0	0.000000
2340	2341	0	0.000000
2341	2342	0	0.000000
2342	2343	0	0.000000
2343	2344	0	0.000000
2344	2345	0	0.000000
2345	2346	0	0.000000
2346	2347	0	0.000000
2347	2348	0	0.000000
2348	2349	0	0.000000
2349	2350	0	0.000000
2350	2351	0	0.000000
2351	2352	0	0.000000
2352	2353	0	0.000000
2353	2354	0	0.000000
2354	2355	0	0.000000
2355	2356	0	0.000000
2356	2357	0	0.000000
2357	2358	0	0.000000
2358	2359	0	0.000000
2359	2360	0	0.000000
2360	2361	0	0.000000
2361	2362	0	0.000000
2362	2363	0	0.000000
2363	2364	0	0.000000
2364	2365	0	0.000000
2365	2366	0	0.000000
2366	2367	0	0.000000
2367	2368	0	0.000000
2368	2369	0	0.000000
2369	2370	0	0.000000
2370	2371	0	0.000000
2371	2372	0	0.000000
2372	2373	0	0.000000
2373	2374	0	0.000000
2374	2375	0	0.000000
2375	2376	0	0.000000
2376	2377	0	0.000000
2377	2378	0	0.000000
2378	2379	0	0.000000
2379	2380	0	0.000000
2380	2381	0	0.000000
2381	2382	0	0.000000
2382	2383	0	0.000000
2383	2384	0	0.000000
2384	2385	0	0.000000
2385	2386	0	0.000000
2386	2387	0	0.000000
2387	2388	0	0.000000
2388	2389	0	0.000000
2389	2390	0	0.000000
2390	2391	0	0.000000
2391	2392	0	0.000000
2392	2393	0	0.000000
2393	2394	0	0.000000
2394	2395	0	0.000000
2395	2396	0	0.000000
2396	2397	0	0.000000
2397	2398	0	0.000000
2398	2399	0	0.000000
2399	2400	0	0.000000
2400	2401	0	0.000000
2401	2402	0	0.000000
2402	2403	0	0.000000
2403	2404	0	0.000000
2404	2405	0	0.000000
2405	2406	0	0.000000
2406	2407	0	0.000000
2407	2408	0	0.000000
2408	2409	0	0.000000
2409	2410	0	0.000000
2410	2411	0	0.000000
2411	2412	0	0.000000
2412	2413	0	0.000000
2413	2414	0	0.000000
2414	2415	0	0.000000
2415	2416	0	0.000000
2416	2417	0	0.000000
2417	2418	0	0.000000
2418	2419	0	0.000000
2419	2420	0	0.000000
2420	2421	0	0.000000
2421	2422	0	0.000000
2422	2423	0	0.000000
2423	2424	0	0.000000
2424	2425	0	0.000000
2425	2426	0	0.000000
2426	2427	0	0.000000
2427	2428	0	0.000000
2428	2429	0	0.000000
2429	2430	0	0.000000
2430	2431	0	0.000000
2431	2432	0	0.000000
2432	2433	0	0.000000
2433	2434	0	0.000000
2434	2435	0	0.000000
2435	2436	0	0.000000
2436	2437	0	0.000000
2437	2438	0	0.000000
2438	2439	0	0.000000
2439	2440	0	0.000000
2440	2441	0	0.000000
2441	2442	0	0.000000
2442	2443	0	0.000000
2443	2444	0	0.000000
2444	2445	0	0.000000
2445	2446	0	0.000000
2446	2447	0	0.000000
2447	2448	0	0.000000
2448	2449	0	0.000000
2449	2450	0	0.000000
2450	2451	0	0.000000
2451	2452	0	0.000000
2452	2453	0	0.000000
2453	2454	0	0.000000
2454	2455	0	0.000000
2455	2456	0	0.000000
2456	2457	0	0.000000
2457	2458	0	0.000000
2458	2459	0	0.000000
2459	2460	0	0.000000
2460	2461	0	0.000000
2461	2462	0	0.000000
2462	2463	0	0.000000
2463	2464	0	0.000000
2464	2465	0	0.000000
2465	2466	0	0.000000
2466	2467	0	0.000000
2467	2468	0	0.000000
2468	2469	0	0.000000
2469	2470	0	0.000000
2470	2471	0	0.000000
2471	2472	0	0.000000
2472	2473	0	0.000000
2473	2474	0	0.000000
2474	2475	0	0.000000
2475	2476	0	0.000000
2476	2477	0	0.000000
2477	2478	0	0.000000
2478	2479	0	0.000000
2479	2480	0	0.000000
2480	2481	0	0.000000
2481	2482	0	0.000000
2482	2483	0	0.000000
2483	2484	0	0.000000
2484	2485	0	0.000000
2485	2486	0	0.000000
2486	2487	0	0.000000
2487	2488	0	0.000000
2488	2489	0	0.000000
2489	2490	0	0.000000
2490	2491	0	0.000000
2491	2492	0	0.000000
2492	2493	0	0.000000
2493	2494	0	0.000000
2494	2495	0	0.000000
2495	2496	0	0.000000
2496	2497	0	0.000000
2497	2498	0	0.000000
2498	2499	0	0.000000
2499	2500	0	0.000000
2500	2501	0	0.000000
2501	2502	0	0.000000
2502	2503	0	0.000000
2503	2504	0	0.000000
2504	2505	0	0.000000
2505	2506	0	0.000000
2506	2507	0	0.000000
2507	2508	0	0.000000
2508	2509	0	0.000000
2509	2510	0	0.000000
2510	2511	0	0.000000
2511	2512	0	0.000000
2512	2513	0	0.000000
2513	2514	0	0.000000
2514	2515	0	0.000000
2515	2516	0	0.000000
2516	2517	0	0.000000
2517	2518	0	0.000000
2518	2519	0	0.000000
2519	2520	0	0.000000
2520	2521	0	0.000000
2521	2522	0	0.000000
2522	2523	0	0.000000
2523	2524	0	0.000000
2524	2525	0	0.000000
2525	2526	0	0.000000
2526	2527	0	0.000000
2527	2528	0	0.000000
2528	2529	0	0.000000
2529	2530	0	0.000000
2530	2531	0	0.000000
2531	2532	0	0.000000
2532	2533	0	0.000000
2533	2534	0	0.000000
2534	2535	0	0.000000
2535	2536	0	0.000000
2536	2537	0	0.000000
2537	2538	0	0.000000
2538	2539	0	0.000000
2539	2540	0	0.000000
2540	2541	0	0.000000
2541	2542	0	0.000000
2542	2543	0	0.000000
2543	2544	0	0.000000
2544	2545	0	0.000000
2545	2546	0	0.000000
2546	2547	0	0.000000
2547	2548	0	0.000000
2548	2549	0	0.000000
2549	2550	0	0.000000
2550	2551	0	0.000000
2551	2552	0	0.000000
2552	2553	0	0.000000
2553	2554	0	0.000000
2554	2555	0	0.000000
2555	2556	0	0.000000
2556	2557	0	0.000000
2557	2558	0	0.000000
2558	2559	0	0.000000
2559	2560	0	0.000000
2560	2561	0	0.000000
2561	2562	0	0.000000
2562	2563	0	0.000000
2563	2564	0	0.000000
2564	2565	0	0.000000
2565	2566	0	0.000000
2566	2567	0	0.000000
2567	2568	0	0.000000
2568	2569	0	0.000000
2569	2570	0	0.000000
2570	2571	0	0.000000
2571	2572	0	0.000000
2572	2573	0	0.000000
2573	2574	0	0.000000
2574	2575	0	0.000000
2575	2576	0	0.000000
2576	2577	0	0.000000
2577	2578	0	0.000000
2578	2579	0	0.000000
2579	2580	0	0.000000
2580	2581	0	0.000000
2581	2582	0	0.000000
2582	2583	0	0.000000
2583	2584	0	0.000000
2584	2585	0	0.000000
2585	2586	0	0.000000
2586	2587	0	0.000000
2587	2588	0	0.000000
2588	2589	0	0.000000
2589	2590	0	0.000000
2590	2591	0	0.000000
2591	2592	0	0.000000
2592	2593	0	0.000000
2593	2594	0	0.000000
2594	2595	0	0.000000
2595	2596	0	0.000000
2596	2597	0	0.000000
2597	2598	0	0.000000
2598	2599	0	0.000000
2599	2600	0	0.000000
2600	2601	0	0.000000
2601	2602	0	0.000000
2602	2603	0	0.000000
2603	2604	0	0.000000
2604	2605	0	0.000000
2605	2606	0	0.000000
2606	2607	0	0.000000
2607	2608	0	0.000000
2608	2609	0	0.000000
2609	2610	0	0.000000
2610	2611	0	0.000000
2611	2612	0	0.000000
2612	2613	0	0.000000
2613	2614	0	0.000000
2614	2615	0	0.000000
2615	2616	0	0.000000
2616	2617	0	0.000000
2617	2618	0	0.000000
2618	2619	0	0.000000
2619	2620	0	0.000000
2620	2621	0	0.000000
2621	2622	0	0.000000
2622	2623	0	0.000000
2623	2624	0	0.000000
2624	2625	0	0.000000
2625	2626	0	0.000000
2626	2627	0	0.000000
2627	2628	0	0.000000
2628	2629	0	0.000000
2629	2630	0	0.000000
2630	2631	0	0.000000
2631	2632	0	0.000000
2632	2633	0	0.000000
2633	2634	0	0.000000
2634	2635	0	0.000000
2635	2636	0	0.000000
2636	2637	0	0.000000
2637	2638	0	0.000000
2638	2639	0	0.000000
2639	2640	0	0.000000
2640	2641	0	0.000000
2641	2642	0	0.000000
2642	2643	0	0.000000
2643	2644	0	0.000000
2644	2645	0	0.000000
2645	2646	0	0.000000
2646	2647	0	0.000000
2647	2648	0	0.000000
2648	2649	0	0.000000
2649	2650	0	0.000000
2650	2651	0	0.000000
2651	2652	0	0.000000
2652	2653	0	0.000000
2653	2654	0	0.000000
2654	2655	0	0.000000
2655	2656	0	0.000000
2656	2657	0	0.000000
2657	2658	0	0.000000
2658	2659	0	0.000000
2659	2660	0	0.000000
2660	2661	0	0.000000
2661	2662	0	0.000000
2662	2663	0	0.000000
2663	2664	0	0.000000
2664	2665	0	0.000000
2665	2666	0	0.000000
2666	2667	0	0.000000
2667	2668	0	0.000000
2668	2669	0	0.000000
2669	2670	0	0.000000
2670	2671	0	0.000000
2671	2672	0	0.000000
2672	2673	0	0.000000
2673	2674	0	0.000000
2674	2675	0	0.000000
2675	2676	0	0.000000
2676	2677	0	0.000000
2677	2678	0	0.000000
2678	2679	0	0.000000
2679	2680	0	0.000000
2680	2681	0	0.000000
2681	2682	0	0.000000
2682	2683	0	0.000000
2683	2684	0	0.000000
2684	2685	0	0.000000
2685	2686	0	0.000000
2686	2687	0	0.000000
2687	2688	0	0.000000
2688	2689	0	0.000000
2689	2690	0	0.000000
2690	2691	0	0.000000
2691	2692	0	0.000000
2692	2693	0	0.000000
2693	2694	0	0.000000
2694	2695	0	0.000000
2695	2696	0	0.000000
2696	2697	0	0.000000
2697	2698	0	0.000000
2698	2699	0	0.000000
2699	2700	0	0.000000
2700	2701	0	0.000000
2701	2702	0	0.000000
2702	2703	0	0.000000
2703	2704	0	0.000000
2704	2705	0	0.000000
2705	2706	0	0.000000
2706	2707	0	0.000000
2707	2708	0	0.000000
2708	2709	0	0.000000
2709	2710	0	0.000000
2710	2711	0	0.000000
2711	2712	0	0.000000
2712	2713	0	0.000000
2713	2714	0	0.000000
2714	2715	0	0.000000
2715	2716	0	0.000000
2716	2717	0	0.000000
2717	2718	0	0.000000
2718	2719	0	0.000000
2719	2720	0	0.000000
2720	2721	0	0.000000
2721	2722	0	0.000000
2722	2723	0	0.000000
2723	2724	0	0.000000
2724	2725	0	0.000000
2725	2726	0	0.000000
2726	2727	0	0.000000
2727	2728	0	0.000000
2728	2729	0	0.000000
2729	2730	0	0.000000
2730	2731	0	0.000000
2731	2732	0	0.000000
2732	2733	0	0.000000
2733	2734	0	0.000000
2734	2735	0	0.000000
2735	2736	0	0.000000
2736	2737	0	0.000000
2737	2738	0	0.000000
2738	2739	0	0.000000
2739	2740	0	0.000000
2740	2741	0	0.000000
2741	2742	0	0.000000
2742	2743	0	0.000000
2743	2744	0	0.000000
2744	2745	0	0.000000
2745	2746	0	0.000000
2746	2747	0	0.000000
2747	2748	0	0.000000
2748	2749	0	0.000000
2749	2750	0	0.000000
2750	2751	0	0.000000
2751	2752	0	0.000000
2752	2753	0	0.000000
2753	2754	0	0.000000
2754	2755	0	0.000000
2755	2756	0	0.000000
2756	2757	0	0.000000
2757	2758	0	0.000000
2758	2759	0	0.000000
2759	2760	0	0.000000
2760	2761	0	0.000000
2761	2762	0	0.000000
2762	2763	0	0.000000
2763	2764	0	0.000000
2764	2765	0	0.000000
2765	2766	0	0.000000
2766	2767	0	0.000000
2767	2768	0	0.000000
2768	2769	0	0.000000
2769	2770	0	0.000000
2770	2771	0	0.000000
2771	2772	0	0.000000
2772	2773	0	0.000000
2773	2774	0	0.000000
2774	2775	0	0.000000
2775	2776	0	0.000000
2776	2777	0	0.000000
2777	2778	0	0.000000
2778	2779	0	0.000000
2779	2780	0	0.000000
2780	2781	0	0.000000
2781	2782	0	0.000000
2782	2783	0	0.000000
2783	2784	0	0.000000
2784	2785	0	0.000000
2785	2786	0	0.000000
2786	2787	0	0.000000
2787	2788	0	0.000000
2788	2789	0	0.000000
2789	2790	0	0.000000
2790	2791	0	0.000000
2791	2792	0	0.000000
2792	2793	0	0.000000
2793	2794	0	0.000000
2794	2795	0	0.000000
2795	2796	0	0.000000
2796	2797	0	0.000000
2797	2798	0	0.000000
2798	2799	0	0.000000
2799	2800	0	0.000000
2800	2801	0	0.000000
2801	2802	0	0.000000
2802	2803	0	0.000000
2803	2804	0	0.000000
2804	2805	0	0.000000
2805	2806	0	0.000000
2806	2807	0	0.000000
2807	2808	0	0.000000
2808	2809	0	0.000000
2809	2810	0	0.000000
2810	2811	0	0.000000
2811	2812	0	0.000000
2812	2813	0	0.000000
2813	2814	0	0.000000
2814	2815	0	0.000000
2815	2816	0	0.000000
2816	2817	0	0.000000
2817	2818	0	0.000000
2818	2819	0	0.000000
2819	2820	0	0.000000
2820	2821	0	0.000000
2821	2822	0	0.000000
2822	2823	0	0.000000
2823	2824	0	0.000000
2824	2825	0	0.000000
2825	2826	0	0.000000
2826	2827	0	0.000000
2827	2828	0	0.000000
2828	2829	0	0.000000
2829	2830	0	0.000000
2830	2831	0	0.000000
2831	2832	0	0.000000
2832	2833	0	0.000000
2833	2834	0	0.000000
2834	2835	0	0.000000
2835	2836	0	0.000000
2836	2837	0	0.000000
2837	2838	0	0.000000
2838	2839	0	0.000000
2839	2840	0	0.000000
2840	2841	0	0.000000
2841	2842	0	0.000000
2842	2843	0	0.000000
2843	2844	0	0.000000
2844	2845	0	0.000000
2845	2846	0	0.000000
2846	2847	0	0.000000
2847	2848	0	0.000000
2848	2849	0	0.000000
2849	2850	0	0.000000
2850	2851	0	0.000000
2851	2852	0	0.000000
2852	2853	0	0.000000
2853	2854	0	0.000000
2854	2855	0	0.000000
2855	2856	0	0.000000
2856	2857	0	0.000000
2857	2858	0	0.000000
2858	2859	0	0.000000
2859	2860	0	0.000000
2860	2861	0	0.000000
2861	2862	0	0.000000
2862	2863	0	0.000000
2863	2864	0	0.000000
2864	2865	0	0.000000
2865	2866	0	0.000000
2866	2867	0	0.000000
2867	2868	0	0.000000
2868	2869	0	0.000000
2869	2870	0	0.000000
2870	2871	0	0.000000
2871	2872	0	0.000000
2872	2873	0	0.000000
2873	2874	0	0.000000
2874	2875	0	0.000000
2875	2876	0	0.000000
2876	2877	0	0.000000
2877	2878	0	0.000000
2878	2879	0	0.000000
2879	2880	0	0.000000
2880	2881	0	0.000000
2881	2882	0	0.000000
2882	2883	0	0.000000
2883	2884	0	0.000000
2884	2885	0	0.000000
2885	2886	0	0.000000
2886	2887	0	0.000000
2887	2888	0	0.000000
2888	2889	0	0.000000
2889	2890	0	0.000000
2890	2891	0	0.000000
2891	2892	0	0.000000
2892	2893	0	0.000000
2893	2894	0	0.000000
2894	2895	0	0.000000
2895	2896	0	0.000000
2896	2897	0	0.000000
2897	2898	0	0.000000
2898	2899	0	0.000000
2899	2900	0	0.000000
2900	2901	0	0.000000
2901	2902	0	0.000000
2902	2903	0	0.000000
2903	2904	0	0.000000
2904	2905	0	0.000000
2905	2906	0	0.000000
2906	2907	0	0.000000
2907	2908	0	0.000000
2908	2909	0	0.000000
2909	2910	0	0.000000
2910	2911	0	0.000000
2911	2912	0	0.000000
2912	2913	0	0.000000
2913	2914	0	0.000000
2914	2915	0	0.000000
2915	2916	0	0.000000
2916	2917	0	0.000000
2917	2918	0	0.000000
2918	2919	0	0.000000
2919	2920	0	0.000000
2920	2921	0	0.000000
2921	2922	0	0.000000
2922	2923	0	0.000000
2923	2924	0	0.000000
2924	2925	0	0.000000
2925	2926	0	0.000000
2926	2927	0	0.000000
2927	2928	0	0.000000
2928	2929	0	0.000000
2929	2930	0	0.000000
2930	2931	0	0.000000
2931	2932	0	0.000000
2932	2933	0	0.000000
2933	2934	0	0.000000
2934	2935	0	0.000000
2935	2936	0	0.000000
2936	2937	0	0.000000
2937	2938	0	0.000000
2938	2939	0	0.000000
2939	2940	0	0.000000
2940	2941	0	0.000000
2941	2942	0	0.000000
2942	2943	0	0.000000
2943	2944	0	0.000000
2944	2945	0	0.000000
2945	2946	0	0.000000
2946	2947	0	0.000000
2947	2948	0	0.000000
2948	2949	0	0.000000
2949	2950	0	0.000000
2950	2951	0	0.000000
2951	2952	0	0.000000
2952	2953	0	0.000000
2953	2954	0	0.000000
2954	2955	0	0.000000
2955	2956	0	0.000000
2956	2957	0	0.000000
2957	2958	0	0.000000
2958	2959	0	0.000000
2959	2960	0	0.000000
2960	2961	0	0.000000
2961	2962	0	0.000000
2962	2963	0	0.000000
2963	2964	0	0.000000
2964	2965	0	0.000000
2965	2966	0	0.000000
2966	2967	0	0.000000
2967	2968	0	0.000000
2968	2969	0	0.000000
2969	2970	0	0.000000
2970	2971	0	0.000000
2971	2972	0	0.000000
2972	2973	0	0.000000
2973	2974	0	0.000000
2974	2975	0	0.000000
2975	2976	0	0.000000
2976	2977	0	0.000000
2977	2978	0	0.000000
2978	2979	0	0.000000
2979	2980	0	0.000000
2980	2981	0	0.000000
2981	2982	0	0.000000
2982	2983	0	0.000000
2983	2984	0	0.000000
2984	2985	0	0.000000
2985	2986	0	0.000000
2986	2987	0	0.000000
2987	2988	0	0.000000
2988	2989	0	0.000000
2989	2990	0	0.000000
2990	2991	0	0.000000
2991	2992	0	0.000000
2992	2993	0	0.000000
2993	2994	0	0.000000
2994	2995	0	0.000000
2995	2996	0	0.000000
2996	2997	0	0.000000
2997	2998	0	0.000000
2998	2999	0	0.000000
2999	3000	0	0.000000
3000	3001	0	0.000000
3001	3002	0	0.000000
3002	3003	0	0.000000
3003	3004	0	0.000000
3004	3005	0	0.000000
3005	3006	0	0.000000
3006	3007	0	0.000000
3007	3008	0	0.000000
3008	3009	0	0.000000
3009	3010	0	0.000000
3010	3011	0	0.000000
3011	3012	0	0.000000
3012	3013	0	0.000000
3013	3014	0	0.000000
3014	3015	0	0.000000
3015	3016	0	0.000000
3016	3017	0	0.000000
3017	3018	0	0.000000
3018	3019	1	0.000101
