MPIFFT_Gflops	MPIFFT_N	MPIFFT_maxErr	MPIFFT_Procs	MPIFFT_time4	MPIFFT_time5	MPIFFT_time6	MPIFFT_time0	MPIFFT_time1	MPIFFT_time2	MPIFFT_time3
17.8017	268435456	2.3666e-15	128	0.223762	0.623365	6.19888e-06	9.53674e-07	0.627958	0.100371	0.482304
17.7785	268435456	2.3666e-15	128	0.305143	0.576946	4.05312e-06	9.53674e-07	0.602511	0.128104	0.456
17.9986	268435456	2.3666e-15	128	0.319008	0.532572	5.00679e-06	1.90735e-06	0.598288	0.129114	0.445365
18.1578	268435456	2.3666e-15	128	0.233283	0.616866	9.53674e-07	9.53674e-07	0.598665	0.11416	0.469427
18.47	268435456	2.3666e-15	128	0.183656	0.640654	4.05312e-06	9.53674e-07	0.604017	0.079756	0.492053
18.0839	268435456	2.3666e-15	128	0.336104	0.50456	8.10623e-06	2.14577e-06	0.610563	0.124956	0.451896
17.9686	268435456	2.3666e-15	128	0.237299	0.616909	4.76837e-06	9.53674e-07	0.608112	0.125418	0.457064
18.3067	268435456	2.3666e-15	128	0.176215	0.6815	0	9.53674e-07	0.595701	0.112993	0.468233
17.9651	268435456	2.3666e-15	128	0.245177	0.597995	5.96046e-06	6.91414e-06	0.608948	0.107852	0.474965
18.1967	268435456	2.3666e-15	128	0.253527	0.584676	2.86102e-06	1.90735e-06	0.596232	0.132525	0.44177
17.4929	268435456	2.3666e-15	128	0.34522	0.551704	9.53674e-07	1.19209e-06	0.60791	0.122921	0.449402
18.4532	268435456	2.3666e-15	128	0.153496	0.689952	4.05312e-06	3.09944e-06	0.60003	0.110082	0.467346
18.038	268435456	2.3666e-15	128	0.175814	0.69003	5.00679e-06	9.53674e-07	0.610551	0.110176	0.471173
18.4742	268435456	2.3666e-15	128	0.225907	0.578966	1.90735e-06	9.53674e-07	0.61308	0.0837619	0.492315
18.5969	268435456	2.3666e-15	128	0.144158	0.680897	4.05312e-06	9.53674e-07	0.611878	0.054704	0.521601
17.7435	268435456	2.3666e-15	128	0.334116	0.581659	9.53674e-07	1.19209e-06	0.602899	0.145163	0.43502
18.5023	268435456	2.3666e-15	128	0.183513	0.64429	4.05312e-06	9.53674e-07	0.601053	0.117916	0.460152
18.974	268435456	2.3666e-15	128	0.144448	0.636609	4.05312e-06	2.14577e-06	0.600276	0.108689	0.464505
18.4267	268435456	2.3666e-15	128	0.231521	0.572561	4.05312e-06	9.53674e-07	0.613803	0.0826638	0.493712
18.2205	268435456	2.3666e-15	128	0.158325	0.683447	2.86102e-06	0	0.612356	0.058826	0.517102
18.7718	268435456	2.3666e-15	128	0.174526	0.621562	1.90735e-06	9.53674e-07	0.609237	0.122791	0.455445
18.7847	268435456	2.3666e-15	128	0.156147	0.650845	2.86102e-06	1.90735e-06	0.598094	0.113279	0.460842
17.8474	268435456	2.3666e-15	128	0.258594	0.610601	6.19888e-06	4.05312e-06	0.609024	0.120862	0.450417
17.5313	268435456	2.3666e-15	128	0.361926	0.531139	2.86102e-06	9.53674e-07	0.600233	0.146953	0.431901
17.9062	268435456	2.3666e-15	128	0.170913	0.701275	1.90735e-06	9.53674e-07	0.624351	0.101364	0.478461
17.9184	268435456	2.3666e-15	128	0.334472	0.55939	2.14577e-06	2.14577e-06	0.595907	0.119339	0.457868
18.2375	268435456	2.3666e-15	128	0.156434	0.678941	3.8147e-06	9.53674e-07	0.61227	0.0583651	0.51635
17.9985	268435456	2.3666e-15	128	0.329593	0.521873	5.96046e-06	9.53674e-07	0.597778	0.143959	0.433269
18.2561	268435456	2.3666e-15	128	0.185902	0.639919	4.05312e-06	1.19209e-06	0.614031	0.0803111	0.4956
17.9978	268435456	2.3666e-15	128	0.185119	0.662109	3.8147e-06	1.19209e-06	0.622325	0.0899251	0.484545
18.6247	268435456	2.3666e-15	128	0.177723	0.64583	3.8147e-06	9.53674e-07	0.594717	0.117198	0.456424
18.9914	268435456	2.3666e-15	128	0.157719	0.623853	3.09944e-06	9.53674e-07	0.598729	0.0669899	0.510115
17.6122	268435456	2.3666e-15	128	0.366649	0.521425	9.53674e-07	9.53674e-07	0.605984	0.148973	0.431405
18.0538	268435456	2.3666e-15	128	0.333257	0.555371	1.90735e-06	0	0.605841	0.118072	0.450233
18.1216	268435456	2.3666e-15	128	0.258903	0.583845	6.91414e-06	2.86102e-06	0.603456	0.112438	0.470018
17.7036	268435456	2.3666e-15	128	0.29155	0.603095	5.96046e-06	9.53674e-07	0.605154	0.129945	0.45067
18.1008	268435456	2.3666e-15	128	0.236422	0.59881	4.05312e-06	9.53674e-07	0.610314	0.0854442	0.493024
17.9089	268435456	2.3666e-15	128	0.25379	0.604505	8.10623e-06	2.86102e-06	0.592124	0.134961	0.448041
18.6646	268435456	2.3666e-15	128	0.157533	0.658666	9.53674e-07	1.19209e-06	0.606496	0.119115	0.45408
18.414	268435456	2.3666e-15	128	0.219989	0.601825	5.00679e-06	9.53674e-07	0.601857	0.105955	0.465814
18.7613	268435456	2.3666e-15	128	0.164373	0.638611	3.8147e-06	9.53674e-07	0.600574	0.113852	0.464476
18.8964	268435456	2.3666e-15	128	0.171616	0.628178	3.09944e-06	9.53674e-07	0.593071	0.111499	0.460217
18.1833	268435456	2.3666e-15	128	0.276404	0.550529	4.05312e-06	3.09944e-06	0.604226	0.110338	0.465617
18.1661	268435456	2.3666e-15	128	0.261041	0.567856	9.05991e-06	9.53674e-07	0.608474	0.10463	0.469442
18.2587	268435456	2.3666e-15	128	0.281678	0.569861	7.86781e-06	3.09944e-06	0.586655	0.123589	0.454371
18.5409	268435456	2.3666e-15	128	0.184133	0.642998	2.86102e-06	1.90735e-06	0.59348	0.117821	0.459595
18.1739	268435456	2.3666e-15	128	0.191162	0.659753	5.00679e-06	3.09944e-06	0.612277	0.105859	0.471221
18.1615	268435456	2.3666e-15	128	0.217733	0.647809	4.05312e-06	2.14577e-06	0.601631	0.120955	0.454688
17.7259	268435456	2.3666e-15	128	0.313489	0.573492	3.09944e-06	9.53674e-07	0.599658	0.120515	0.452788
18.2754	268435456	2.3666e-15	128	0.258415	0.570334	5.96046e-06	4.05312e-06	0.597196	0.11932	0.452795
18.636	268435456	2.3666e-15	128	0.15371	0.676013	4.05312e-06	2.14577e-06	0.592421	0.119231	0.45848
18.6215	268435456	2.3666e-15	128	0.175993	0.630908	6.91414e-06	3.09944e-06	0.60203	0.104386	0.471201
18.3529	268435456	2.3666e-15	128	0.262921	0.569072	4.05312e-06	1.90735e-06	0.595768	0.125601	0.448604
18.3841	268435456	2.3666e-15	128	0.233756	0.573859	3.09944e-06	0	0.611687	0.087425	0.494387
18.1747	268435456	2.3666e-15	128	0.298985	0.595151	1.90735e-06	3.09944e-06	0.583953	0.111311	0.461243
18.9155	268435456	2.3666e-15	128	0.198748	0.580016	3.09944e-06	9.53674e-07	0.610045	0.0570199	0.515604
18.0874	268435456	2.3666e-15	128	0.196905	0.655212	5.96046e-06	0	0.609844	0.102576	0.469977
18.46	268435456	2.3666e-15	128	0.159682	0.697986	1.90735e-06	1.90735e-06	0.588221	0.117484	0.455548
18.1211	268435456	2.3666e-15	128	0.203643	0.640612	8.10623e-06	9.53674e-07	0.608458	0.127978	0.4453
18.3463	268435456	2.3666e-15	128	0.17243	0.654655	4.05312e-06	0	0.610357	0.0837469	0.49366
18.7919	268435456	2.3666e-15	128	0.152971	0.648316	3.09944e-06	9.53674e-07	0.60971	0.10912	0.466588
18.1853	268435456	2.3666e-15	128	0.249094	0.594174	9.05991e-06	9.53674e-07	0.598183	0.127115	0.445713
18.2848	268435456	2.3666e-15	128	0.244266	0.614442	1.19209e-06	4.05312e-06	0.602935	0.120227	0.457353
18.6769	268435456	2.3666e-15	128	0.182598	0.63937	0	1.19209e-06	0.600956	0.106648	0.46662
18.3859	268435456	2.3666e-15	128	0.217941	0.606504	2.86102e-06	9.53674e-07	0.602256	0.107894	0.475798
18.1624	268435456	2.3666e-15	128	0.265521	0.578106	2.86102e-06	9.53674e-07	0.590174	0.134845	0.440131
18.7078	268435456	2.3666e-15	128	0.148474	0.647535	9.53674e-07	1.19209e-06	0.613435	0.053302	0.520592
18.5517	268435456	2.3666e-15	128	0.194823	0.638412	4.05312e-06	3.09944e-06	0.596859	0.111311	0.455444
17.9572	268435456	2.3666e-15	128	0.244532	0.626696	4.76837e-06	4.05312e-06	0.591136	0.133977	0.441185
18.7466	268435456	2.3666e-15	128	0.168047	0.643719	1.90735e-06	1.90735e-06	0.602187	0.118841	0.458959
18.5623	268435456	2.3666e-15	128	0.212981	0.59188	4.05312e-06	9.53674e-07	0.607388	0.118135	0.455714
17.9474	268435456	2.3666e-15	128	0.306065	0.583963	9.53674e-07	9.53674e-07	0.611644	0.130829	0.443851
18.2019	268435456	2.3666e-15	128	0.192379	0.633147	3.09944e-06	9.53674e-07	0.61117	0.0889978	0.486826
18.2268	268435456	2.3666e-15	128	0.235203	0.619076	5.00679e-06	3.09944e-06	0.592016	0.113692	0.457571
18.0346	268435456	2.3666e-15	128	0.262437	0.62904	4.05312e-06	0	0.586763	0.141863	0.432653
17.2032	268435456	2.3666e-15	128	0.41339	0.539432	8.10623e-06	4.05312e-06	0.60158	0.123405	0.45996
18.4085	268435456	2.3666e-15	128	0.204128	0.62887	5.00679e-06	3.09944e-06	0.610495	0.108272	0.46295
18.2461	268435456	2.3666e-15	128	0.321112	0.498995	7.15256e-06	2.14577e-06	0.60527	0.112435	0.46498
18.2723	268435456	2.3666e-15	128	0.215521	0.604671	5.96046e-06	9.53674e-07	0.61067	0.0904698	0.483687
18.5117	268435456	2.3666e-15	128	0.177951	0.635444	3.09944e-06	3.09944e-06	0.603081	0.067589	0.505304
17.9036	268435456	2.3666e-15	128	0.26802	0.598112	5.00679e-06	3.09944e-06	0.599797	0.127384	0.450007
18.1432	268435456	2.3666e-15	128	0.266698	0.573705	5.96046e-06	5.00679e-06	0.605153	0.110234	0.466109
18.7289	268435456	2.3666e-15	128	0.146774	0.663402	9.53674e-07	4.05312e-06	0.602066	0.110481	0.460958
17.6819	268435456	2.3666e-15	128	0.343938	0.588389	1.19209e-06	9.53674e-07	0.599407	0.13923	0.436358
18.8664	268435456	2.3666e-15	128	0.15967	0.648949	3.09944e-06	1.19209e-06	0.588466	0.120202	0.459211
18.7431	268435456	2.3666e-15	128	0.135552	0.686866	9.53674e-07	9.53674e-07	0.590085	0.11038	0.468263
18.7585	268435456	2.3666e-15	128	0.181265	0.620173	9.53674e-07	9.53674e-07	0.60426	0.115215	0.4603
18.4503	268435456	2.3666e-15	128	0.168854	0.647976	4.05312e-06	9.53674e-07	0.610786	0.0597229	0.516761
19.1207	268435456	2.3666e-15	128	0.145796	0.625446	1.90735e-06	9.53674e-07	0.602038	0.052768	0.519567
17.9408	268435456	2.3666e-15	128	0.323105	0.531928	1.90735e-06	1.19209e-06	0.609066	0.140184	0.429126
17.2539	268435456	2.3666e-15	128	0.336895	0.573641	6.19888e-06	2.14577e-06	0.607442	0.12872	0.460879
18.2637	268435456	2.3666e-15	128	0.200945	0.619283	5.96046e-06	9.53674e-07	0.610651	0.104654	0.470009
18.3207	268435456	2.3666e-15	128	0.212946	0.625101	6.91414e-06	1.19209e-06	0.616956	0.110968	0.466345
19.0173	268435456	2.3666e-15	128	0.169593	0.611617	3.09944e-06	9.53674e-07	0.592604	0.117443	0.455436
18.865	268435456	2.3666e-15	128	0.161291	0.631445	4.05312e-06	3.09944e-06	0.598429	0.10646	0.466947
18.173	268435456	2.3666e-15	128	0.248843	0.583329	7.15256e-06	9.53674e-07	0.611507	0.0860171	0.487151
18.5711	268435456	2.3666e-15	128	0.208416	0.621684	1.3113e-05	3.8147e-06	0.598929	0.113304	0.461788
17.9999	268435456	2.3666e-15	128	0.224226	0.660355	1.90735e-06	2.14577e-06	0.610188	0.112478	0.464622
18.016	268435456	2.3666e-15	128	0.254397	0.604565	5.96046e-06	2.14577e-06	0.593351	0.123164	0.458246
18.6548	268435456	2.3666e-15	128	0.182386	0.631495	1.90735e-06	9.53674e-07	0.590219	0.0567119	0.518625
18.8966	268435456	2.3666e-15	128	0.130057	0.673301	4.05312e-06	2.14577e-06	0.596863	0.112151	0.465554
18.6931	268435456	2.3666e-15	128	0.158701	0.659034	4.05312e-06	9.53674e-07	0.595005	0.0700529	0.501629
17.7471	268435456	2.3666e-15	128	0.31501	0.606499	9.53674e-07	1.90735e-06	0.600337	0.129847	0.448566
18.3693	268435456	2.3666e-15	128	0.160465	0.664175	9.53674e-07	4.05312e-06	0.610883	0.0816979	0.495098
18.8113	268435456	2.3666e-15	128	0.151267	0.642539	2.14577e-06	1.19209e-06	0.60905	0.100166	0.473718
17.8304	268435456	2.3666e-15	128	0.257432	0.657849	9.53674e-07	2.14577e-06	0.598722	0.110792	0.463594
18.1182	268435456	2.3666e-15	128	0.295158	0.550525	3.09944e-06	9.53674e-07	0.591319	0.12436	0.451799
18.0827	268435456	2.3666e-15	128	0.329992	0.521131	2.86102e-06	0	0.584473	0.119903	0.452374
17.8782	268435456	2.3666e-15	128	0.301131	0.571736	5.00679e-06	2.86102e-06	0.591147	0.142753	0.436386
17.9138	268435456	2.3666e-15	128	0.344703	0.524512	1.90735e-06	9.53674e-07	0.601253	0.129182	0.446755
18.5684	268435456	2.3666e-15	128	0.188087	0.618514	3.8147e-06	1.90735e-06	0.608666	0.111215	0.461441
18.0357	268435456	2.3666e-15	128	0.293072	0.572928	1.00136e-05	2.14577e-06	0.602979	0.120996	0.447778
18.8157	268435456	2.3666e-15	128	0.208646	0.586	6.91414e-06	2.14577e-06	0.597665	0.124106	0.453626
18.4061	268435456	2.3666e-15	128	0.215088	0.594534	5.96046e-06	9.53674e-07	0.608898	0.100318	0.47916
19.1804	268435456	2.3666e-15	128	0.157517	0.624365	3.09944e-06	6.91414e-06	0.58791	0.113097	0.45772
18.0723	268435456	2.3666e-15	128	0.205653	0.643384	5.00679e-06	9.53674e-07	0.614331	0.095638	0.478176
17.7996	268435456	2.3666e-15	128	0.339486	0.531448	9.05991e-06	9.05991e-06	0.59374	0.121764	0.457253
18.3035	268435456	2.3666e-15	128	0.247688	0.57614	7.15256e-06	1.90735e-06	0.593321	0.120269	0.452067
18.0848	268435456	2.3666e-15	128	0.228118	0.610943	4.05312e-06	9.53674e-07	0.60641	0.109648	0.47104
17.6062	268435456	2.3666e-15	128	0.263985	0.620518	5.00679e-06	9.53674e-07	0.604632	0.123857	0.454138
17.6128	268435456	2.3666e-15	128	0.309114	0.606884	9.53674e-07	9.53674e-07	0.609649	0.130399	0.448552
18.3315	268435456	2.3666e-15	128	0.206607	0.629778	4.05312e-06	5.96046e-06	0.605192	0.0957952	0.472315
18.8081	268435456	2.3666e-15	128	0.200925	0.588895	3.09944e-06	3.09944e-06	0.609904	0.113927	0.45797
18.1028	268435456	2.3666e-15	128	0.257954	0.589126	9.05991e-06	9.53674e-07	0.598202	0.11291	0.464623
18.8178	268435456	2.3666e-15	128	0.252629	0.555331	5.00679e-06	1.90735e-06	0.571198	0.117304	0.450805
18.3829	268435456	2.3666e-15	128	0.160238	0.662334	3.09944e-06	0	0.610445	0.0762098	0.498402
17.4102	268435456	2.3666e-15	128	0.232441	0.681664	8.10623e-06	1.90735e-06	0.60743	0.113714	0.465567
18.1082	268435456	2.3666e-15	128	0.237212	0.616764	5.00679e-06	4.05312e-06	0.587195	0.137611	0.439018
18.7419	268435456	2.3666e-15	128	0.212282	0.597007	8.82149e-06	1.90735e-06	0.606689	0.126593	0.441096
17.7642	268435456	2.3666e-15	128	0.348974	0.524996	1.90735e-06	9.53674e-07	0.596749	0.126702	0.454411
18.2847	268435456	2.3666e-15	128	0.16256	0.691219	4.05312e-06	9.53674e-07	0.600583	0.106034	0.475951
18.5664	268435456	2.3666e-15	128	0.234982	0.560384	5.00679e-06	9.53674e-07	0.60498	0.0978911	0.473734
18.623	268435456	2.3666e-15	128	0.16821	0.648661	3.09944e-06	4.05312e-06	0.609592	0.11091	0.466965
17.7601	268435456	2.3666e-15	128	0.3396	0.536676	2.86102e-06	0	0.59742	0.132396	0.438954
18.2857	268435456	2.3666e-15	128	0.221095	0.589655	5.96046e-06	1.90735e-06	0.614474	0.108966	0.470348
18.2606	268435456	2.3666e-15	128	0.142529	0.692517	0	9.53674e-07	0.624178	0.0539451	0.522769
17.6363	268435456	2.3666e-15	128	0.306552	0.576501	1.90735e-06	9.53674e-07	0.606175	0.129464	0.445561
18.679	268435456	2.3666e-15	128	0.115372	0.676988	3.09944e-06	0	0.618192	0.0569909	0.519794
18.2675	268435456	2.3666e-15	128	0.16499	0.656813	4.05312e-06	9.53674e-07	0.620597	0.0685489	0.505087
17.8831	268435456	2.3666e-15	128	0.230949	0.631718	5.96046e-06	5.96046e-06	0.606999	0.126446	0.442528
18.4874	268435456	2.3666e-15	128	0.19691	0.64415	5.00679e-06	2.86102e-06	0.58967	0.073524	0.497856
18.2922	268435456	2.3666e-15	128	0.26391	0.576196	5.00679e-06	5.00679e-06	0.591899	0.103911	0.474298
18.1743	268435456	2.3666e-15	128	0.135011	0.734638	6.19888e-06	1.90735e-06	0.617562	0.054841	0.517689
18.7299	268435456	2.3666e-15	128	0.155854	0.664159	2.14577e-06	4.05312e-06	0.600146	0.10695	0.465973
17.3312	268435456	2.3666e-15	128	0.279846	0.643744	5.00679e-06	5.00679e-06	0.6095	0.119229	0.465277
17.9919	268435456	2.3666e-15	128	0.238673	0.62351	8.10623e-06	2.14577e-06	0.596131	0.124659	0.460776
18.4225	268435456	2.3666e-15	128	0.165563	0.67271	9.53674e-07	9.53674e-07	0.61238	0.110845	0.465572
18.0936	268435456	2.3666e-15	128	0.284864	0.57747	3.8147e-06	9.53674e-07	0.587482	0.135223	0.439419
18.114	268435456	2.3666e-15	128	0.213843	0.631803	5.00679e-06	1.19209e-06	0.611429	0.0950038	0.479746
18.5238	268435456	2.3666e-15	128	0.200142	0.60646	6.19888e-06	9.53674e-07	0.604443	0.120605	0.458765
18.1185	268435456	2.3666e-15	128	0.190076	0.654706	9.05991e-06	9.53674e-07	0.624986	0.0840192	0.488372
19.0584	268435456	2.3666e-15	128	0.188654	0.578533	2.86102e-06	9.53674e-07	0.590225	0.0802979	0.48882
18.5817	268435456	2.3666e-15	128	0.174719	0.630708	4.05312e-06	3.8147e-06	0.6046	0.0659759	0.509149
18.2797	268435456	2.3666e-15	128	0.172595	0.646355	1.90735e-06	9.53674e-07	0.613633	0.085314	0.49189
18.2209	268435456	2.3666e-15	128	0.337541	0.506129	5.96046e-06	1.19209e-06	0.59646	0.121779	0.445599
18.4491	268435456	2.3666e-15	128	0.232784	0.579248	2.86102e-06	3.8147e-06	0.597684	0.115106	0.462257
18.4634	268435456	2.3666e-15	128	0.192683	0.642502	9.53674e-07	1.19209e-06	0.599826	0.122636	0.450145
18.7752	268435456	2.3666e-15	128	0.159232	0.658882	2.14577e-06	1.19209e-06	0.595031	0.0691278	0.503959
18.6074	268435456	2.3666e-15	128	0.162697	0.647204	2.14577e-06	3.09944e-06	0.616407	0.099895	0.478972
18.1661	268435456	2.3666e-15	128	0.245968	0.617401	5.00679e-06	9.53674e-07	0.613377	0.118783	0.453407
18.1622	268435456	2.3666e-15	128	0.288367	0.553831	5.00679e-06	3.09944e-06	0.591702	0.120403	0.459146
18.2751	268435456	2.3666e-15	128	0.176526	0.651781	2.86102e-06	9.53674e-07	0.612084	0.086035	0.487127
18.1226	268435456	2.3666e-15	128	0.205089	0.626077	5.96046e-06	9.53674e-07	0.614512	0.103209	0.474841
18.3137	268435456	2.3666e-15	128	0.146358	0.680646	9.53674e-07	9.53674e-07	0.613777	0.0542521	0.524699
18.0439	268435456	2.3666e-15	128	0.322603	0.520286	1.90735e-06	9.53674e-07	0.593505	0.129451	0.44762
17.1193	268435456	2.3666e-15	128	0.292236	0.636373	8.10623e-06	2.86102e-06	0.617715	0.124691	0.467787
17.7153	268435456	2.3666e-15	128	0.239768	0.64082	3.8147e-06	0	0.606814	0.124482	0.458141
17.9775	268435456	2.3666e-15	128	0.256892	0.598398	5.00679e-06	2.14577e-06	0.603097	0.119863	0.456932
18.471	268435456	2.3666e-15	128	0.187026	0.655362	5.96046e-06	2.86102e-06	0.603128	0.118313	0.451218
18.388	268435456	2.3666e-15	128	0.232587	0.594816	2.86102e-06	9.53674e-07	0.595027	0.125729	0.448177
18.1607	268435456	2.3666e-15	128	0.239571	0.614789	2.14577e-06	0	0.5983	0.126057	0.444823
17.8393	268435456	2.3666e-15	128	0.301419	0.585466	5.96046e-06	9.53674e-07	0.596829	0.134534	0.441073
18.0913	268435456	2.3666e-15	128	0.162672	0.686243	1.90735e-06	9.53674e-07	0.615672	0.07359	0.50511
18.3158	268435456	2.3666e-15	128	0.271128	0.580364	0	2.14577e-06	0.603964	0.118377	0.459809
18.1812	268435456	2.3666e-15	128	0.228584	0.608766	4.05312e-06	9.53674e-07	0.602426	0.112818	0.459385
18.3274	268435456	2.3666e-15	128	0.236172	0.596565	5.00679e-06	3.09944e-06	0.598785	0.105689	0.477124
18.4222	268435456	2.3666e-15	128	0.175142	0.641783	3.09944e-06	9.53674e-07	0.606365	0.067601	0.512612
18.2303	268435456	2.3666e-15	128	0.164363	0.687382	3.09944e-06	9.53674e-07	0.592887	0.108275	0.470836
17.7124	268435456	2.3666e-15	128	0.29836	0.596236	3.8147e-06	2.86102e-06	0.593822	0.130614	0.443347
17.6549	268435456	2.3666e-15	128	0.365678	0.580869	1.19209e-06	1.90735e-06	0.589	0.138235	0.437085
18.0526	268435456	2.3666e-15	128	0.335543	0.501707	4.05312e-06	5.00679e-06	0.598034	0.122503	0.457834
17.7841	268435456	2.3666e-15	128	0.346831	0.524954	8.82149e-06	2.14577e-06	0.599095	0.129726	0.444247
18.2093	268435456	2.3666e-15	128	0.289642	0.558374	1.00136e-05	3.09944e-06	0.583167	0.136073	0.443744
18.3092	268435456	2.3666e-15	128	0.170604	0.642718	2.14577e-06	9.53674e-07	0.620141	0.091732	0.486707
18.0401	268435456	2.3666e-15	128	0.164613	0.699933	1.19209e-06	1.19209e-06	0.609561	0.0571239	0.515571
17.8568	268435456	2.3666e-15	128	0.303463	0.608331	9.53674e-07	1.90735e-06	0.608393	0.102434	0.464125
18.3411	268435456	2.3666e-15	128	0.204788	0.613464	4.05312e-06	4.05312e-06	0.615369	0.0817759	0.490677
17.9895	268435456	2.3666e-15	128	0.268073	0.588125	5.96046e-06	3.09944e-06	0.611456	0.113048	0.454372
17.4632	268435456	2.3666e-15	128	0.364891	0.581094	9.53674e-07	1.19209e-06	0.611506	0.134307	0.439664
18.7047	268435456	2.3666e-15	128	0.121468	0.673744	1.90735e-06	9.53674e-07	0.613434	0.0575161	0.51681
18.5155	268435456	2.3666e-15	128	0.258497	0.547992	5.96046e-06	3.09944e-06	0.598554	0.110558	0.468908
18.0832	268435456	2.3666e-15	128	0.261389	0.582802	2.14577e-06	1.19209e-06	0.605041	0.119553	0.450816
18.2921	268435456	2.3666e-15	128	0.214507	0.602912	5.00679e-06	1.19209e-06	0.609388	0.083662	0.5
18.3118	268435456	2.3666e-15	128	0.16228	0.689213	2.86102e-06	1.19209e-06	0.609487	0.104965	0.469248
17.9024	268435456	2.3666e-15	128	0.240898	0.616258	6.91414e-06	9.53674e-07	0.610873	0.082644	0.498412
18.0409	268435456	2.3666e-15	128	0.197479	0.653368	1.90735e-06	1.19209e-06	0.607516	0.0875821	0.493397
19.148	268435456	2.3666e-15	128	0.13336	0.653226	3.09944e-06	1.19209e-06	0.592177	0.0527899	0.520879
18.7487	268435456	2.3666e-15	128	0.227815	0.561091	1.90735e-06	2.14577e-06	0.596447	0.062712	0.51836
17.9471	268435456	2.3666e-15	128	0.223444	0.661582	2.86102e-06	3.09944e-06	0.59971	0.125248	0.451307
18.7043	268435456	2.3666e-15	128	0.165507	0.637377	4.05312e-06	2.14577e-06	0.603753	0.116364	0.46048
19.0272	268435456	2.3666e-15	128	0.160554	0.621355	1.90735e-06	2.14577e-06	0.587458	0.0656819	0.512303
17.9735	268435456	2.3666e-15	128	0.20214	0.652702	4.05312e-06	9.53674e-07	0.62191	0.0857389	0.487853
18.8469	268435456	2.3666e-15	128	0.178637	0.624612	4.05312e-06	2.14577e-06	0.594903	0.107145	0.46795
17.6988	268435456	2.3666e-15	128	0.298229	0.64198	2.14577e-06	1.90735e-06	0.594057	0.127939	0.442708
17.729	268435456	2.3666e-15	128	0.243877	0.636912	5.00679e-06	9.53674e-07	0.610139	0.12139	0.45294
18.2617	268435456	2.3666e-15	128	0.1784	0.666445	5.00679e-06	3.09944e-06	0.610501	0.0887821	0.488262
18.557	268435456	2.3666e-15	128	0.167517	0.642251	5.00679e-06	1.19209e-06	0.615436	0.109674	0.471473
18.3593	268435456	2.3666e-15	128	0.240539	0.596714	3.8147e-06	2.14577e-06	0.593934	0.119629	0.457222
18.008	268435456	2.3666e-15	128	0.167251	0.714212	1.90735e-06	2.14577e-06	0.609859	0.109185	0.471815
18.36	268435456	2.3666e-15	128	0.187819	0.639718	5.00679e-06	3.09944e-06	0.602944	0.108639	0.463853
18.0334	268435456	2.3666e-15	128	0.296438	0.569209	8.10623e-06	9.53674e-07	0.590746	0.12733	0.449478
18.4566	268435456	2.3666e-15	128	0.276482	0.553797	1.19209e-06	9.53674e-07	0.585999	0.12263	0.450153
17.3349	268435456	2.3666e-15	128	0.303953	0.666351	9.53674e-07	9.05991e-06	0.593922	0.126592	0.458878
18.5227	268435456	2.3666e-15	128	0.155602	0.674085	2.14577e-06	1.90735e-06	0.600192	0.112644	0.459094
18.6002	268435456	2.3666e-15	128	0.248663	0.550351	4.05312e-06	2.86102e-06	0.611405	0.120949	0.450696
18.5088	268435456	2.3666e-15	128	0.167248	0.650353	6.91414e-06	9.53674e-07	0.607142	0.111252	0.466727
17.1872	268435456	2.3666e-15	128	0.403824	0.52277	1.19209e-05	9.53674e-07	0.610449	0.119767	0.458182
18.3684	268435456	2.3666e-15	128	0.220794	0.626133	2.86102e-06	5.96046e-06	0.60574	0.081928	0.493579
18.2	268435456	2.3666e-15	128	0.164084	0.664887	4.05312e-06	9.53674e-07	0.620456	0.0950081	0.481619
18.0943	268435456	2.3666e-15	128	0.268015	0.568504	4.05312e-06	1.19209e-06	0.615074	0.088835	0.487804
18.1164	268435456	2.3666e-15	128	0.258651	0.597027	4.05312e-06	1.19209e-06	0.601875	0.116668	0.459658
18.3807	268435456	2.3666e-15	128	0.258239	0.576052	6.91414e-06	2.14577e-06	0.591103	0.120465	0.456808
17.8653	268435456	2.3666e-15	128	0.213772	0.68652	4.05312e-06	3.8147e-06	0.593638	0.10538	0.471798
18.7991	268435456	2.3666e-15	128	0.177004	0.633613	4.05312e-06	2.86102e-06	0.590971	0.117664	0.460965
18.3462	268435456	2.3666e-15	128	0.224723	0.587391	5.96046e-06	9.53674e-07	0.622118	0.099118	0.475336
18.4331	268435456	2.3666e-15	128	0.185506	0.623768	6.19888e-06	0	0.610533	0.0809112	0.495386
18.6168	268435456	2.3666e-15	128	0.146412	0.666285	1.19209e-06	9.53674e-07	0.609432	0.0546799	0.521089
18.2405	268435456	2.3666e-15	128	0.212496	0.61223	3.8147e-06	1.90735e-06	0.597207	0.11621	0.460885
18.3974	268435456	2.3666e-15	128	0.260413	0.594667	9.53674e-07	9.53674e-07	0.599928	0.114421	0.461413
17.4857	268435456	2.3666e-15	128	0.396363	0.515997	4.05312e-06	1.19209e-06	0.5966	0.127255	0.447315
18.4017	268435456	2.3666e-15	128	0.251144	0.54899	5.96046e-06	2.14577e-06	0.609632	0.103016	0.476382
18.174	268435456	2.3666e-15	128	0.284983	0.588307	6.91414e-06	9.53674e-07	0.60383	0.137007	0.437343
18.139	268435456	2.3666e-15	128	0.189447	0.689098	3.09944e-06	9.53674e-07	0.593644	0.105616	0.47027
19.0168	268435456	2.3666e-15	128	0.148028	0.647717	3.09944e-06	2.14577e-06	0.590702	0.118057	0.456958
18.2732	268435456	2.3666e-15	128	0.217699	0.611657	4.05312e-06	9.53674e-07	0.60552	0.109276	0.464493
18.3043	268435456	2.3666e-15	128	0.192884	0.636926	3.09944e-06	3.09944e-06	0.603032	0.0968111	0.478579
18.4781	268435456	2.3666e-15	128	0.244037	0.555973	3.8147e-06	2.86102e-06	0.611551	0.0886991	0.485542
18.0205	268435456	2.3666e-15	128	0.359389	0.506896	8.10623e-06	9.53674e-07	0.590131	0.119546	0.452845
18.0932	268435456	2.3666e-15	128	0.307768	0.529043	5.00679e-06	2.14577e-06	0.600207	0.123294	0.453971
18.0095	268435456	2.3666e-15	128	0.254862	0.60967	5.00679e-06	1.90735e-06	0.595659	0.105381	0.467731
17.9085	268435456	2.3666e-15	128	0.204661	0.65643	3.09944e-06	1.90735e-06	0.619027	0.088438	0.493367
18.3221	268435456	2.3666e-15	128	0.181128	0.635841	3.09944e-06	9.53674e-07	0.619751	0.0830679	0.490451
17.8724	268435456	2.3666e-15	128	0.270991	0.587827	5.00679e-06	9.53674e-07	0.620421	0.0929129	0.480953
17.351	268435456	2.3666e-15	128	0.330198	0.593214	3.09944e-06	9.53674e-07	0.60433	0.135017	0.444057
18.5841	268435456	2.3666e-15	128	0.192012	0.600219	4.05312e-06	1.19209e-06	0.611738	0.0862091	0.488949
18.3187	268435456	2.3666e-15	128	0.198448	0.64972	7.15256e-06	1.19209e-06	0.605868	0.107431	0.470018
18.497	268435456	2.3666e-15	128	0.204581	0.590594	5.00679e-06	9.53674e-07	0.610732	0.081532	0.494946
18.3125	268435456	2.3666e-15	128	0.218709	0.642685	3.09944e-06	2.14577e-06	0.590631	0.10151	0.477806
17.3772	268435456	2.3666e-15	128	0.315128	0.58075	3.8147e-06	3.09944e-06	0.602099	0.141794	0.443366
18.0514	268435456	2.3666e-15	128	0.237509	0.607081	4.76837e-06	2.86102e-06	0.602447	0.108171	0.473769
18.2886	268435456	2.3666e-15	128	0.256083	0.591911	2.86102e-06	1.90735e-06	0.593413	0.127336	0.448779
17.2779	268435456	2.3666e-15	128	0.282566	0.639735	3.09944e-06	9.53674e-07	0.597491	0.153019	0.433292
18.4013	268435456	2.3666e-15	128	0.251679	0.569125	1.90735e-06	3.09944e-06	0.59838	0.134192	0.438029
18.2834	268435456	2.3666e-15	128	0.208255	0.616244	5.00679e-06	9.53674e-07	0.608203	0.0919101	0.486993
17.0806	268435456	2.3666e-15	128	0.350435	0.605123	3.09944e-06	1.19209e-06	0.596503	0.151482	0.429751
18.4254	268435456	2.3666e-15	128	0.195	0.61851	5.00679e-06	9.53674e-07	0.613025	0.0874002	0.485898
17.2851	268435456	2.3666e-15	128	0.260019	0.648004	5.96046e-06	9.53674e-07	0.618551	0.100001	0.491675
18.8145	268435456	2.3666e-15	128	0.179477	0.601951	3.09944e-06	1.19209e-06	0.601487	0.0824969	0.486249
18.7466	268435456	2.3666e-15	128	0.188063	0.595821	9.53674e-07	2.14577e-06	0.603007	0.0931799	0.479458
18.8819	268435456	2.3666e-15	128	0.135054	0.646999	2.86102e-06	9.53674e-07	0.610296	0.0543649	0.522441
17.6548	268435456	2.3666e-15	128	0.332186	0.572478	9.05991e-06	9.53674e-07	0.601821	0.12793	0.446975
18.8903	268435456	2.3666e-15	128	0.161057	0.648234	5.96046e-06	2.86102e-06	0.592017	0.11897	0.456637
18.4031	268435456	2.3666e-15	128	0.205763	0.627702	9.53674e-07	9.53674e-07	0.606779	0.119133	0.457016
18.3525	268435456	2.3666e-15	128	0.245534	0.587254	5.00679e-06	5.96046e-06	0.590184	0.146674	0.435464
17.127	268435456	2.3666e-15	128	0.393705	0.542877	3.8147e-06	9.53674e-07	0.613354	0.14499	0.436338
17.9019	268435456	2.3666e-15	128	0.336382	0.519294	4.05312e-06	9.53674e-07	0.594243	0.14811	0.432938
18.0363	268435456	2.3666e-15	128	0.275275	0.596772	6.91414e-06	5.96046e-06	0.594564	0.137498	0.436386
17.8216	268435456	2.3666e-15	128	0.304504	0.566992	5.96046e-06	1.19209e-06	0.596929	0.134039	0.439152
17.7972	268435456	2.3666e-15	128	0.206168	0.672094	3.8147e-06	0	0.607839	0.120196	0.457093
18.7073	268435456	2.3666e-15	128	0.147042	0.653817	3.8147e-06	9.53674e-07	0.603123	0.120867	0.462793
18.2107	268435456	2.3666e-15	128	0.140583	0.72411	3.09944e-06	0	0.600211	0.113811	0.462082
18.924	268435456	2.3666e-15	128	0.153329	0.634333	3.8147e-06	1.90735e-06	0.607754	0.0671721	0.510692
18.8469	268435456	2.3666e-15	128	0.16632	0.639331	2.86102e-06	9.53674e-07	0.597269	0.117864	0.456921
17.5114	268435456	2.3666e-15	128	0.270045	0.652899	4.05312e-06	1.90735e-06	0.608012	0.119028	0.459199
18.9469	268435456	2.3666e-15	128	0.14791	0.649416	3.8147e-06	9.53674e-07	0.599142	0.114379	0.460412
17.8912	268435456	2.3666e-15	128	0.284912	0.58942	5.96046e-06	2.14577e-06	0.593744	0.132677	0.445442
18.3334	268435456	2.3666e-15	128	0.186508	0.636412	3.8147e-06	9.53674e-07	0.612506	0.0817761	0.492301
18.1204	268435456	2.3666e-15	128	0.258896	0.602281	5.00679e-06	1.19209e-06	0.597353	0.126938	0.443472
18.1946	268435456	2.3666e-15	128	0.24848	0.600443	6.91414e-06	1.19209e-06	0.59747	0.128653	0.44429
18.4238	268435456	2.3666e-15	128	0.235465	0.5938	4.05312e-06	3.8147e-06	0.602488	0.118478	0.452422
18.2021	268435456	2.3666e-15	128	0.272104	0.581104	3.09944e-06	9.53674e-07	0.602259	0.123224	0.44243
17.7577	268435456	2.3666e-15	128	0.1542	0.769877	1.90735e-06	9.53674e-07	0.598309	0.111095	0.47122
18.1071	268435456	2.3666e-15	128	0.213255	0.63222	3.09944e-06	9.53674e-07	0.609693	0.095782	0.479339
17.8274	268435456	2.3666e-15	128	0.261749	0.599848	5.96046e-06	9.53674e-07	0.60112	0.119679	0.45594
17.8717	268435456	2.3666e-15	128	0.311387	0.5349	5.00679e-06	9.53674e-07	0.616431	0.124405	0.454959
18.4769	268435456	2.3666e-15	128	0.284197	0.518098	5.00679e-06	2.14577e-06	0.61339	0.101237	0.465879
18.3143	268435456	2.3666e-15	128	0.126716	0.702962	1.90735e-06	9.53674e-07	0.617601	0.0534968	0.527434
18.3856	268435456	2.3666e-15	128	0.302265	0.501944	4.05312e-06	1.19209e-06	0.601152	0.114981	0.4646
18.4325	268435456	2.3666e-15	128	0.257926	0.540886	6.91414e-06	0	0.60985	0.113723	0.463313
18.3474	268435456	2.3666e-15	128	0.245233	0.584332	7.86781e-06	9.53674e-07	0.601537	0.117122	0.455459
17.4535	268435456	2.3666e-15	128	0.368754	0.550356	9.05991e-06	9.53674e-07	0.602747	0.127409	0.451036
18.3071	268435456	2.3666e-15	128	0.23796	0.616665	5.00679e-06	2.14577e-06	0.595482	0.118293	0.45644
18.2692	268435456	2.3666e-15	128	0.236072	0.585761	5.00679e-06	1.19209e-06	0.614009	0.088294	0.483467
18.2913	268435456	2.3666e-15	128	0.284136	0.556009	8.82149e-06	1.90735e-06	0.602044	0.111203	0.461871
17.0418	268435456	2.3666e-15	128	0.33055	0.618974	6.91414e-06	1.90735e-06	0.599131	0.143697	0.435354
17.7818	268435456	2.3666e-15	128	0.255514	0.640296	8.10623e-06	1.19209e-06	0.603307	0.109882	0.462716
19.1387	268435456	2.3666e-15	128	0.151633	0.633307	4.05312e-06	9.53674e-07	0.592194	0.0655949	0.507921
17.4029	268435456	2.3666e-15	128	0.248587	0.658038	4.05312e-06	0	0.621536	0.104199	0.47844
17.9218	268435456	2.3666e-15	128	0.196156	0.667984	2.86102e-06	1.90735e-06	0.616392	0.0608659	0.514927
18.8319	268435456	2.3666e-15	128	0.154837	0.645432	2.86102e-06	9.53674e-07	0.600904	0.116168	0.461981
18.6812	268435456	2.3666e-15	128	0.205241	0.566601	5.00679e-06	1.19209e-06	0.613883	0.0836399	0.491936
18.1395	268435456	2.3666e-15	128	0.245883	0.597972	5.00679e-06	9.53674e-07	0.594876	0.135051	0.43676
18.3373	268435456	2.3666e-15	128	0.179341	0.678868	4.05312e-06	2.86102e-06	0.598848	0.11535	0.45748
18.0365	268435456	2.3666e-15	128	0.274152	0.588093	5.96046e-06	9.53674e-07	0.592879	0.120215	0.45404
18.2383	268435456	2.3666e-15	128	0.239419	0.59197	5.00679e-06	9.53674e-07	0.595451	0.119973	0.457495
18.3589	268435456	2.3666e-15	128	0.218799	0.591757	4.05312e-06	9.53674e-07	0.618363	0.0821269	0.495108
17.6616	268435456	2.3666e-15	128	0.349575	0.534287	1.19209e-06	9.53674e-07	0.59901	0.129024	0.443286
17.8193	268435456	2.3666e-15	128	0.321305	0.537142	1.90735e-06	9.53674e-07	0.608848	0.123308	0.455606
18.1254	268435456	2.3666e-15	128	0.247138	0.592796	1.90735e-06	1.90735e-06	0.600579	0.116245	0.461784
18.5517	268435456	2.3666e-15	128	0.221285	0.579856	3.8147e-06	9.53674e-07	0.612699	0.0897691	0.479471
18.299	268435456	2.3666e-15	128	0.183159	0.673583	0	1.90735e-06	0.598741	0.108079	0.465123
18.4543	268435456	2.3666e-15	128	0.265098	0.536347	6.19888e-06	9.53674e-07	0.616474	0.091619	0.476316
18.2223	268435456	2.3666e-15	128	0.265028	0.580394	7.15256e-06	2.14577e-06	0.596957	0.137632	0.434613
18.6774	268435456	2.3666e-15	128	0.210725	0.584843	6.19888e-06	0	0.607426	0.0953479	0.478622
18.6228	268435456	2.3666e-15	128	0.212127	0.605283	1.19209e-06	9.53674e-07	0.606943	0.0916429	0.48208
19.1127	268435456	2.3666e-15	128	0.158888	0.625147	4.05312e-06	9.53674e-07	0.590474	0.115019	0.460513
18.4583	268435456	2.3666e-15	128	0.200539	0.640709	9.53674e-07	9.53674e-07	0.600023	0.110753	0.46753
18.3634	268435456	2.3666e-15	128	0.140107	0.690873	3.8147e-06	1.90735e-06	0.623395	0.0550389	0.525149
18.1758	268435456	2.3666e-15	128	0.154785	0.721904	4.05312e-06	3.09944e-06	0.597543	0.115353	0.46352
18.6399	268435456	2.3666e-15	128	0.188331	0.608402	3.09944e-06	9.53674e-07	0.609416	0.100218	0.477997
18.3706	268435456	2.3666e-15	128	0.206946	0.62089	4.05312e-06	1.19209e-06	0.611242	0.0967891	0.476101
18.4099	268435456	2.3666e-15	128	0.238509	0.574048	6.91414e-06	9.53674e-07	0.618799	0.093271	0.486442
17.7802	268435456	2.3666e-15	128	0.242643	0.625795	3.8147e-06	2.14577e-06	0.614423	0.116291	0.468107
17.9611	268435456	2.3666e-15	128	0.336643	0.579537	9.53674e-07	3.09944e-06	0.588453	0.130431	0.439038
17.8799	268435456	2.3666e-15	128	0.191198	0.655634	3.09944e-06	2.14577e-06	0.632551	0.0969999	0.481565
18.1257	268435456	2.3666e-15	128	0.264641	0.582872	2.86102e-06	1.90735e-06	0.595308	0.128034	0.448731
18.8007	268435456	2.3666e-15	128	0.172631	0.634804	5.96046e-06	2.14577e-06	0.596136	0.0628712	0.510751
17.6473	268435456	2.3666e-15	128	0.359393	0.574976	1.19209e-06	2.14577e-06	0.597797	0.124641	0.454538
18.4004	268435456	2.3666e-15	128	0.275733	0.549517	5.00679e-06	2.14577e-06	0.593648	0.107169	0.462901
18.1572	268435456	2.3666e-15	128	0.335485	0.510376	3.09944e-06	1.19209e-06	0.607807	0.143046	0.430979
18.3954	268435456	2.3666e-15	128	0.220176	0.591878	5.00679e-06	3.09944e-06	0.602001	0.111735	0.464087
18.5304	268435456	2.3666e-15	128	0.22551	0.578273	2.14577e-06	1.90735e-06	0.607537	0.101024	0.475108
17.8853	268435456	2.3666e-15	128	0.263674	0.595441	6.91414e-06	9.53674e-07	0.613937	0.092598	0.486456
17.9398	268435456	2.3666e-15	128	0.231867	0.63029	8.10623e-06	2.14577e-06	0.599091	0.119815	0.459175
18.1395	268435456	2.3666e-15	128	0.139921	0.714554	5.00679e-06	2.14577e-06	0.62957	0.053345	0.523048
18.1256	268435456	2.3666e-15	128	0.246079	0.612663	5.96046e-06	9.53674e-07	0.601797	0.128636	0.442201
18.133	268435456	2.3666e-15	128	0.279178	0.574113	3.09944e-06	1.90735e-06	0.599202	0.130192	0.448329
18.0606	268435456	2.3666e-15	128	0.226408	0.631517	2.86102e-06	1.90735e-06	0.589884	0.121144	0.449861
18.275	268435456	2.3666e-15	128	0.140047	0.73272	9.53674e-07	9.53674e-07	0.597034	0.10946	0.465988
17.4368	268435456	2.3666e-15	128	0.322919	0.604148	8.10623e-06	1.19209e-06	0.601296	0.12963	0.447808
18.4252	268435456	2.3666e-15	128	0.276244	0.562497	9.53674e-07	2.14577e-06	0.607256	0.123628	0.451362
18.0162	268435456	2.3666e-15	128	0.242403	0.618381	5.00679e-06	4.05312e-06	0.583287	0.117954	0.458294
18.2048	268435456	2.3666e-15	128	0.25162	0.585299	7.15256e-06	5.96046e-06	0.594676	0.118471	0.45985
18.414	268435456	2.3666e-15	128	0.194224	0.651016	3.09944e-06	1.19209e-06	0.604869	0.109284	0.45934
18.6	268435456	2.3666e-15	128	0.183233	0.622937	5.96046e-06	9.53674e-07	0.606099	0.096817	0.47392
18.2911	268435456	2.3666e-15	128	0.20815	0.630995	5.00679e-06	2.86102e-06	0.599233	0.118062	0.461331
18.5218	268435456	2.3666e-15	128	0.142804	0.703889	5.00679e-06	3.09944e-06	0.595752	0.115692	0.460918
18.4469	268435456	2.3666e-15	128	0.171765	0.6451	5.00679e-06	2.86102e-06	0.602584	0.10292	0.477304
18.3146	268435456	2.3666e-15	128	0.184119	0.624496	2.86102e-06	0	0.62783	0.059118	0.519673
18.7568	268435456	2.3666e-15	128	0.183111	0.637217	9.53674e-07	9.53674e-07	0.597898	0.111737	0.459552
17.7124	268435456	2.3666e-15	128	0.271018	0.619265	6.91414e-06	2.14577e-06	0.601187	0.121796	0.454411
18.6546	268435456	2.3666e-15	128	0.161195	0.636539	4.05312e-06	9.53674e-07	0.608363	0.0899451	0.48224
17.7771	268435456	2.3666e-15	128	0.306139	0.57368	0	1.90735e-06	0.591859	0.118958	0.459651
18.3955	268435456	2.3666e-15	128	0.20302	0.615925	7.86781e-06	9.53674e-07	0.604514	0.090374	0.484362
18.0973	268435456	2.3666e-15	128	0.216836	0.657974	9.53674e-07	1.90735e-06	0.605603	0.100601	0.47842
18.3868	268435456	2.3666e-15	128	0.191338	0.643239	2.14577e-06	0	0.611389	0.0920749	0.487424
18.3726	268435456	2.3666e-15	128	0.180394	0.665632	1.90735e-06	1.90735e-06	0.605505	0.111643	0.468129
18.3201	268435456	2.3666e-15	128	0.269278	0.563773	7.15256e-06	1.90735e-06	0.582466	0.138359	0.432322
17.4621	268435456	2.3666e-15	128	0.371019	0.527214	5.96046e-06	4.05312e-06	0.602799	0.131987	0.451541
17.9326	268435456	2.3666e-15	128	0.270543	0.590547	2.14577e-06	1.19209e-06	0.594825	0.134563	0.445963
18.6098	268435456	2.3666e-15	128	0.183441	0.617947	2.86102e-06	2.86102e-06	0.603284	0.0683661	0.507818
18.2803	268435456	2.3666e-15	128	0.278558	0.55522	2.14577e-06	9.53674e-07	0.607497	0.100578	0.467465
18.8641	268435456	2.3666e-15	128	0.143493	0.660916	4.05312e-06	2.86102e-06	0.590083	0.122178	0.455633
18.3556	268435456	2.3666e-15	128	0.222094	0.588683	6.91414e-06	2.86102e-06	0.601286	0.104553	0.474777
18.2364	268435456	2.3666e-15	128	0.271458	0.554243	3.8147e-06	9.53674e-07	0.619403	0.091001	0.480589
18.1241	268435456	2.3666e-15	128	0.225451	0.615854	5.00679e-06	9.53674e-07	0.605162	0.0946169	0.480079
18.9883	268435456	2.3666e-15	128	0.143456	0.64565	2.86102e-06	2.86102e-06	0.591962	0.109514	0.467558
18.0845	268435456	2.3666e-15	128	0.217883	0.615974	4.05312e-06	9.53674e-07	0.614541	0.0827708	0.498271
18.0918	268435456	2.3666e-15	128	0.228174	0.626785	1.3113e-05	2.14577e-06	0.601411	0.125173	0.451562
18.1859	268435456	2.3666e-15	128	0.192005	0.645852	2.14577e-06	0	0.612551	0.0968561	0.478707
18.1372	268435456	2.3666e-15	128	0.21882	0.622138	4.05312e-06	9.53674e-07	0.606102	0.094887	0.480348
18.3189	268435456	2.3666e-15	128	0.231844	0.586986	3.09944e-06	9.53674e-07	0.591441	0.121616	0.461459
17.5942	268435456	2.3666e-15	128	0.243244	0.672016	4.05312e-06	2.86102e-06	0.599436	0.114113	0.468132
18.7055	268435456	2.3666e-15	128	0.145621	0.65483	1.90735e-06	1.19209e-06	0.617196	0.054261	0.522384
18.2179	268435456	2.3666e-15	128	0.228868	0.614507	3.8147e-06	4.05312e-06	0.59629	0.108989	0.45911
17.2673	268435456	2.3666e-15	128	0.26419	0.703783	2.14577e-06	4.05312e-06	0.600916	0.128329	0.451432
18.5505	268435456	2.3666e-15	128	0.174825	0.623555	5.00679e-06	1.19209e-06	0.603184	0.0825138	0.495805
17.9283	268435456	2.3666e-15	128	0.283362	0.582028	5.00679e-06	4.05312e-06	0.590035	0.141972	0.433038
18.5909	268435456	2.3666e-15	128	0.227808	0.576386	4.05312e-06	3.09944e-06	0.596774	0.100914	0.473912
18.7855	268435456	2.3666e-15	128	0.147577	0.659554	1.19209e-06	9.53674e-07	0.598635	0.120202	0.461111
17.8329	268435456	2.3666e-15	128	0.309897	0.543467	6.19888e-06	9.53674e-07	0.603772	0.132888	0.445458
17.9209	268435456	2.3666e-15	128	0.264672	0.589742	9.53674e-07	0	0.609112	0.106326	0.4753
17.6872	268435456	2.3666e-15	128	0.292502	0.616705	5.96046e-06	1.90735e-06	0.597041	0.147377	0.427807
17.2194	268435456	2.3666e-15	128	0.204368	0.715127	5.00679e-06	9.53674e-07	0.622706	0.104962	0.483527
17.457	268435456	2.3666e-15	128	0.220665	0.712184	2.14577e-06	2.86102e-06	0.603391	0.135564	0.452336
18.5167	268435456	2.3666e-15	128	0.163175	0.657609	2.14577e-06	3.09944e-06	0.604869	0.056782	0.519925
17.7263	268435456	2.3666e-15	128	0.270618	0.650804	9.53674e-07	1.90735e-06	0.610109	0.129984	0.440256
18.502	268435456	2.3666e-15	128	0.155422	0.658515	3.09944e-06	9.53674e-07	0.61238	0.0569229	0.523174
18.2294	268435456	2.3666e-15	128	0.209615	0.631056	5.00679e-06	4.05312e-06	0.598973	0.0860782	0.486664
18.2566	268435456	2.3666e-15	128	0.213634	0.607626	2.86102e-06	1.19209e-06	0.59873	0.110256	0.467552
18.3784	268435456	2.3666e-15	128	0.228368	0.611502	5.96046e-06	1.90735e-06	0.594884	0.065655	0.510617
17.909	268435456	2.3666e-15	128	0.254489	0.615435	5.00679e-06	9.53674e-07	0.60043	0.121065	0.454523
18.4595	268435456	2.3666e-15	128	0.223928	0.587057	1.90735e-06	2.14577e-06	0.601426	0.114822	0.459021
18.4067	268435456	2.3666e-15	128	0.206332	0.609152	2.86102e-06	3.09944e-06	0.605247	0.103456	0.470955
18.536	268435456	2.3666e-15	128	0.191483	0.611427	8.82149e-06	3.09944e-06	0.610904	0.0843611	0.485036
18.037	268435456	2.3666e-15	128	0.26908	0.585799	9.53674e-07	1.90735e-06	0.597929	0.12185	0.456554
18.5942	268435456	2.3666e-15	128	0.183241	0.649558	3.09944e-06	2.14577e-06	0.590957	0.11844	0.453375
17.7671	268435456	2.3666e-15	128	0.195168	0.685856	5.96046e-06	4.05312e-06	0.61702	0.0963881	0.479859
18.2605	268435456	2.3666e-15	128	0.278501	0.556534	6.91414e-06	1.90735e-06	0.600486	0.12577	0.447428
17.8453	268435456	2.3666e-15	128	0.341096	0.574726	9.53674e-07	3.09944e-06	0.59571	0.136131	0.43971
18.3492	268435456	2.3666e-15	128	0.205007	0.613078	2.86102e-06	2.14577e-06	0.611255	0.095454	0.471181
18.4985	268435456	2.3666e-15	128	0.181907	0.658564	3.09944e-06	1.90735e-06	0.593829	0.119296	0.460983
18.4151	268435456	2.3666e-15	128	0.25123	0.554623	3.09944e-06	1.19209e-06	0.605198	0.111673	0.464269
17.8825	268435456	2.3666e-15	128	0.324465	0.531517	3.09944e-06	9.53674e-07	0.593243	0.125047	0.457554
18.7186	268435456	2.3666e-15	128	0.154636	0.675807	4.05312e-06	4.05312e-06	0.5943	0.10692	0.465351
18.0297	268435456	2.3666e-15	128	0.324169	0.536785	3.09944e-06	9.53674e-07	0.581495	0.132487	0.45207
17.3802	268435456	2.3666e-15	128	0.185473	0.7641	9.53674e-07	9.53674e-07	0.61263	0.110007	0.472643
18.0688	268435456	2.3666e-15	128	0.216921	0.629705	5.00679e-06	5.96046e-06	0.612493	0.080523	0.494066
18.1574	268435456	2.3666e-15	128	0.24641	0.593396	5.00679e-06	3.09944e-06	0.600772	0.114378	0.456023
18.7029	268435456	2.3666e-15	128	0.203251	0.600396	4.05312e-06	9.53674e-07	0.595639	0.128461	0.451077
18.7435	268435456	2.3666e-15	128	0.164661	0.650809	2.14577e-06	3.09944e-06	0.596407	0.118917	0.459466
18.5944	268435456	2.3666e-15	128	0.246468	0.565452	2.86102e-06	9.53674e-07	0.599523	0.109533	0.457678
18.3302	268435456	2.3666e-15	128	0.192489	0.651849	5.00679e-06	9.53674e-07	0.613829	0.0864651	0.488063
17.8864	268435456	2.3666e-15	128	0.347269	0.570996	1.19209e-06	1.90735e-06	0.588438	0.123186	0.452621
18.3025	268435456	2.3666e-15	128	0.209518	0.622701	4.05312e-06	9.53674e-07	0.611075	0.0916998	0.474735
18.4769	268435456	2.3666e-15	128	0.143949	0.700757	3.8147e-06	3.09944e-06	0.593797	0.124138	0.455495
17.8872	268435456	2.3666e-15	128	0.343158	0.521209	3.8147e-06	9.53674e-07	0.59587	0.129254	0.448038
18.1718	268435456	2.3666e-15	128	0.164721	0.670675	4.05312e-06	9.53674e-07	0.615061	0.099112	0.47929
17.1203	268435456	2.3666e-15	128	0.406014	0.551062	3.09944e-06	0	0.600265	0.152595	0.429827
18.2693	268435456	2.3666e-15	128	0.167572	0.676572	5.96046e-06	8.10623e-06	0.609587	0.105144	0.47292
18.3021	268435456	2.3666e-15	128	0.253357	0.57687	3.8147e-06	9.53674e-07	0.594275	0.131795	0.447887
17.8508	268435456	2.3666e-15	128	0.255365	0.619943	1.00136e-05	9.53674e-07	0.603327	0.114446	0.457165
18.0364	268435456	2.3666e-15	128	0.270448	0.60434	3.8147e-06	9.53674e-07	0.608664	0.131933	0.441547
17.1542	268435456	2.3666e-15	128	0.254797	0.665262	4.05312e-06	9.53674e-07	0.627996	0.132564	0.455822
18.248	268435456	2.3666e-15	128	0.228738	0.596224	6.19888e-06	9.53674e-07	0.613072	0.082139	0.492055
18.5168	268435456	2.3666e-15	128	0.2329	0.576651	2.14577e-06	4.05312e-06	0.592805	0.123574	0.453459
17.9973	268435456	2.3666e-15	128	0.18827	0.68321	9.53674e-07	4.05312e-06	0.609551	0.105426	0.477584
18.1504	268435456	2.3666e-15	128	0.250346	0.579276	6.91414e-06	9.53674e-07	0.606577	0.118255	0.458226
18.544	268435456	2.3666e-15	128	0.172427	0.669861	2.14577e-06	9.53674e-07	0.595403	0.115619	0.456429
17.2676	268435456	2.3666e-15	128	0.228514	0.706865	5.00679e-06	9.53674e-07	0.626058	0.123486	0.462352
17.9419	268435456	2.3666e-15	128	0.36734	0.496321	3.09944e-06	1.90735e-06	0.598401	0.138091	0.439259
18.6093	268435456	2.3666e-15	128	0.224703	0.602725	3.09944e-06	5.00679e-06	0.579483	0.124747	0.453029
17.9754	268435456	2.3666e-15	128	0.230129	0.622628	5.00679e-06	9.53674e-07	0.605189	0.119657	0.458665
18.3713	268435456	2.3666e-15	128	0.202156	0.612014	5.00679e-06	1.90735e-06	0.610676	0.101007	0.469693
18.102	268435456	2.3666e-15	128	0.217096	0.636263	3.09944e-06	9.53674e-07	0.607365	0.10629	0.467371
18.4815	268435456	2.3666e-15	128	0.232882	0.579059	1.90735e-06	9.53674e-07	0.59555	0.0835209	0.48984
18.0325	268435456	2.3666e-15	128	0.238906	0.629557	5.96046e-06	9.53674e-07	0.598194	0.117387	0.460202
18.1142	268435456	2.3666e-15	128	0.297963	0.562726	7.86781e-06	4.05312e-06	0.59218	0.117551	0.459515
18.9322	268435456	2.3666e-15	128	0.137952	0.662334	3.09944e-06	9.53674e-07	0.59915	0.0740812	0.49756
17.6133	268435456	2.3666e-15	128	0.235986	0.644819	5.96046e-06	0	0.61104	0.110274	0.472328
18.3175	268435456	2.3666e-15	128	0.269129	0.550363	3.09944e-06	1.19209e-06	0.605984	0.108242	0.47017
18.6856	268435456	2.3666e-15	128	0.193569	0.627955	1.90735e-06	1.19209e-06	0.591587	0.123881	0.455156
18.5472	268435456	2.3666e-15	128	0.175158	0.652306	2.86102e-06	2.86102e-06	0.600289	0.115433	0.46697
17.5976	268435456	2.3666e-15	128	0.20305	0.685803	4.05312e-06	9.53674e-07	0.627455	0.0852969	0.491385
17.8845	268435456	2.3666e-15	128	0.283492	0.616118	3.09944e-06	1.90735e-06	0.598004	0.136874	0.440189
18.2871	268435456	2.3666e-15	128	0.176247	0.644262	5.96046e-06	9.53674e-07	0.606526	0.0941231	0.486161
18.7335	268435456	2.3666e-15	128	0.198606	0.590349	5.00679e-06	1.90735e-06	0.608866	0.0949681	0.474326
18.0823	268435456	2.3666e-15	128	0.187387	0.664898	5.00679e-06	5.00679e-06	0.605108	0.0946062	0.488248
18.3665	268435456	2.3666e-15	128	0.17084	0.662342	2.86102e-06	5.00679e-06	0.5984	0.0679891	0.513719
18.3337	268435456	2.3666e-15	128	0.209191	0.62113	9.53674e-07	3.09944e-06	0.596341	0.118025	0.453084
17.9871	268435456	2.3666e-15	128	0.252594	0.621216	4.05312e-06	2.14577e-06	0.604858	0.117756	0.455538
18.5447	268435456	2.3666e-15	128	0.171981	0.630416	3.09944e-06	1.90735e-06	0.615057	0.055738	0.519724
18.5035	268435456	2.3666e-15	128	0.222686	0.6008	4.05312e-06	1.90735e-06	0.598216	0.094357	0.48065
18.3126	268435456	2.3666e-15	128	0.253979	0.583472	1.90735e-06	1.90735e-06	0.591056	0.109678	0.464451
18.9228	268435456	2.3666e-15	128	0.15052	0.651306	3.8147e-06	5.96046e-06	0.589001	0.121496	0.453955
17.8763	268435456	2.3666e-15	128	0.156201	0.738525	6.19888e-06	2.14577e-06	0.60898	0.107367	0.474024
17.6875	268435456	2.3666e-15	128	0.190326	0.729393	5.96046e-06	9.53674e-07	0.609051	0.114981	0.45819
18.6514	268435456	2.3666e-15	128	0.144358	0.675922	3.09944e-06	1.90735e-06	0.596625	0.116975	0.463702
18.2604	268435456	2.3666e-15	128	0.213416	0.661934	9.53674e-07	9.53674e-07	0.596081	0.104765	0.464583
18.2337	268435456	2.3666e-15	128	0.160881	0.690664	1.90735e-06	9.53674e-07	0.599997	0.093308	0.485635
18.0167	268435456	2.3666e-15	128	0.25166	0.585519	3.09944e-06	0	0.613618	0.139771	0.429025
18.091	268435456	2.3666e-15	128	0.250687	0.588229	3.09944e-06	9.53674e-07	0.602968	0.127056	0.44621
18.6502	268435456	2.3666e-15	128	0.199073	0.594169	2.14577e-06	1.19209e-06	0.602663	0.130584	0.448081
18.6615	268435456	2.3666e-15	128	0.195887	0.589065	2.86102e-06	2.14577e-06	0.603474	0.10479	0.467928
17.9418	268435456	2.3666e-15	128	0.264451	0.601677	1.00136e-05	3.09944e-06	0.600946	0.13396	0.447108
17.823	268435456	2.3666e-15	128	0.227538	0.658999	2.86102e-06	2.14577e-06	0.61542	0.124113	0.454602
18.2531	268435456	2.3666e-15	128	0.184891	0.64448	4.05312e-06	1.19209e-06	0.609251	0.0944738	0.483691
18.0938	268435456	2.3666e-15	128	0.183114	0.643934	2.86102e-06	9.53674e-07	0.617271	0.06201	0.520596
18.5564	268435456	2.3666e-15	128	0.227651	0.57374	5.96046e-06	9.53674e-07	0.607887	0.102694	0.462701
18.8312	268435456	2.3666e-15	128	0.205794	0.586209	9.05991e-06	5.00679e-06	0.585553	0.133076	0.439585
18.1464	268435456	2.3666e-15	128	0.236149	0.605802	5.00679e-06	4.05312e-06	0.597338	0.101174	0.47278
18.3804	268435456	2.3666e-15	128	0.227087	0.593223	5.00679e-06	0	0.602654	0.114978	0.461418
18.7265	268435456	2.3666e-15	128	0.205407	0.58673	8.82149e-06	9.53674e-07	0.606553	0.102013	0.473134
18.5944	268435456	2.3666e-15	128	0.227846	0.572891	1.90735e-06	1.19209e-06	0.597222	0.06177	0.515431
18.2175	268435456	2.3666e-15	128	0.22289	0.607993	1.90735e-06	0	0.604502	0.122868	0.447626
17.5108	268435456	2.3666e-15	128	0.160194	0.740045	5.00679e-06	9.53674e-07	0.630817	0.068902	0.512922
18.4074	268435456	2.3666e-15	128	0.245447	0.567721	5.00679e-06	2.14577e-06	0.60498	0.0942259	0.47787
18.194	268435456	2.3666e-15	128	0.197814	0.633817	2.86102e-06	1.19209e-06	0.609805	0.0944982	0.482605
17.8611	268435456	2.3666e-15	128	0.295545	0.577051	9.53674e-07	1.90735e-06	0.606089	0.1238	0.451441
17.6909	268435456	2.3666e-15	128	0.232481	0.638469	3.8147e-06	9.53674e-07	0.631228	0.089062	0.490142
17.7791	268435456	2.3666e-15	128	0.348572	0.514969	2.14577e-06	1.19209e-06	0.601532	0.129106	0.449272
18.8084	268435456	2.3666e-15	128	0.164753	0.64157	3.09944e-06	9.53674e-07	0.603022	0.118303	0.450941
18.9294	268435456	2.3666e-15	128	0.158926	0.656423	0	9.53674e-07	0.590143	0.108698	0.459826
18.0865	268435456	2.3666e-15	128	0.251479	0.627319	1.19209e-06	2.14577e-06	0.607989	0.0692158	0.508826
18.8123	268435456	2.3666e-15	128	0.177797	0.608675	2.86102e-06	1.19209e-06	0.599571	0.118248	0.457109
18.4624	268435456	2.3666e-15	128	0.204822	0.595583	3.8147e-06	3.09944e-06	0.602342	0.108494	0.470761
17.8924	268435456	2.3666e-15	128	0.264489	0.625677	1.90735e-06	1.90735e-06	0.595906	0.141764	0.433137
18.126	268435456	2.3666e-15	128	0.254998	0.594695	5.00679e-06	9.53674e-07	0.594195	0.136318	0.445144
17.7686	268435456	2.3666e-15	128	0.17011	0.692224	4.05312e-06	9.53674e-07	0.622372	0.085696	0.496668
18.6891	268435456	2.3666e-15	128	0.161148	0.668532	3.09944e-06	1.90735e-06	0.59334	0.107985	0.461357
17.8373	268435456	2.3666e-15	128	0.252827	0.608788	7.86781e-06	2.14577e-06	0.597136	0.119107	0.458738
17.8085	268435456	2.3666e-15	128	0.28309	0.590971	5.96046e-06	1.90735e-06	0.598196	0.119754	0.4559
18.2736	268435456	2.3666e-15	128	0.242408	0.597108	5.96046e-06	5.96046e-06	0.580391	0.109482	0.463973
18.1433	268435456	2.3666e-15	128	0.297184	0.528858	5.96046e-06	2.86102e-06	0.609249	0.101194	0.477582
19.2892	268435456	2.3666e-15	128	0.131723	0.633916	4.05312e-06	1.19209e-06	0.600895	0.0530961	0.519284
18.4345	268435456	2.3666e-15	128	0.281037	0.533513	4.05312e-06	2.14577e-06	0.595951	0.127559	0.447055
18.1247	268435456	2.3666e-15	128	0.166739	0.696548	1.90735e-06	9.53674e-07	0.616754	0.104687	0.467981
17.0244	268435456	2.3666e-15	128	0.420948	0.543371	5.00679e-06	9.53674e-07	0.603222	0.145926	0.438229
18.0074	268435456	2.3666e-15	128	0.325143	0.528168	2.14577e-06	1.19209e-06	0.594744	0.121412	0.453465
17.9263	268435456	2.3666e-15	128	0.266112	0.600248	3.8147e-06	0	0.594349	0.136489	0.439282
