MPIFFT_Gflops	MPIFFT_N	MPIFFT_maxErr	MPIFFT_Procs	MPIFFT_time4	MPIFFT_time5	MPIFFT_time6	MPIFFT_time0	MPIFFT_time1	MPIFFT_time2	MPIFFT_time3
17.9033	268435456	2.3666e-15	128	0.312179	0.580195	9.53674e-07	1.90735e-06	0.608303	0.135612	0.445818
17.6915	268435456	2.3666e-15	128	0.204575	0.661399	3.09944e-06	1.90735e-06	0.620636	0.108647	0.477279
17.0393	268435456	2.3666e-15	128	0.295455	0.65275	1.00136e-05	3.09944e-06	0.610855	0.130372	0.459778
18.1964	268435456	2.3666e-15	128	0.240687	0.580897	2.14577e-06	9.53674e-07	0.611143	0.124736	0.448725
18.3914	268435456	2.3666e-15	128	0.175196	0.65366	5.00679e-06	9.53674e-07	0.610971	0.104425	0.47314
18.3652	268435456	2.3666e-15	128	0.241764	0.578111	1.90735e-06	1.90735e-06	0.593245	0.120536	0.462559
17.8697	268435456	2.3666e-15	128	0.235037	0.643314	1.90735e-06	9.53674e-07	0.601216	0.139775	0.443784
18.8124	268435456	2.3666e-15	128	0.14422	0.654744	6.19888e-06	1.19209e-06	0.608206	0.0945141	0.484291
18.6313	268435456	2.3666e-15	128	0.223683	0.587525	5.96046e-06	3.09944e-06	0.598647	0.122485	0.454296
18.3283	268435456	2.3666e-15	128	0.208068	0.639729	5.96046e-06	4.05312e-06	0.592576	0.129129	0.454613
18.4437	268435456	2.3666e-15	128	0.254464	0.554527	1.00136e-05	2.14577e-06	0.598094	0.127561	0.44296
17.6771	268435456	2.3666e-15	128	0.191274	0.718443	1.90735e-06	1.50204e-05	0.606542	0.115611	0.476017
18.9425	268435456	2.3666e-15	128	0.145192	0.63375	2.86102e-06	1.90735e-06	0.612082	0.0537889	0.525041
18.3675	268435456	2.3666e-15	128	0.171573	0.651239	2.86102e-06	3.09944e-06	0.620405	0.0909131	0.485808
18.453	268435456	2.3666e-15	128	0.219237	0.624415	3.09944e-06	1.90735e-06	0.593967	0.117866	0.458252
18.2758	268435456	2.3666e-15	128	0.196189	0.633118	3.09944e-06	9.53674e-07	0.603601	0.119198	0.461116
18.2094	268435456	2.3666e-15	128	0.257404	0.57896	5.00679e-06	4.05312e-06	0.596644	0.118743	0.464156
17.9802	268435456	2.3666e-15	128	0.284079	0.570843	8.10623e-06	2.14577e-06	0.587796	0.133949	0.44419
17.3023	268435456	2.3666e-15	128	0.273168	0.646409	7.15256e-06	9.53674e-07	0.611092	0.130653	0.448955
18.7566	268435456	2.3666e-15	128	0.144645	0.654236	4.05312e-06	9.53674e-07	0.609312	0.0794401	0.501703
17.9919	268435456	2.3666e-15	128	0.248864	0.615189	6.91414e-06	3.09944e-06	0.59227	0.134897	0.45294
18.0119	268435456	2.3666e-15	128	0.291763	0.561769	2.14577e-06	8.10623e-06	0.59731	0.121055	0.459726
18.0201	268435456	2.3666e-15	128	0.292121	0.605221	0	5.96046e-06	0.589729	0.125623	0.455778
17.8166	268435456	2.3666e-15	128	0.277787	0.630937	9.53674e-07	7.15256e-06	0.607882	0.102522	0.472743
17.6817	268435456	2.3666e-15	128	0.228555	0.670144	1.19209e-06	9.53674e-07	0.618646	0.122476	0.459133
18.2015	268435456	2.3666e-15	128	0.244152	0.576582	7.86781e-06	9.53674e-07	0.61064	0.096904	0.481169
17.757	268435456	2.3666e-15	128	0.375	0.505903	7.86781e-06	5.00679e-06	0.60318	0.123278	0.451655
18.0409	268435456	2.3666e-15	128	0.254464	0.598436	5.00679e-06	3.09944e-06	0.592825	0.12457	0.45245
18.6508	268435456	2.3666e-15	128	0.163509	0.641771	9.53674e-07	9.53674e-07	0.614705	0.114903	0.461693
17.375	268435456	2.3666e-15	128	0.390097	0.523772	1.90735e-06	9.53674e-07	0.601021	0.129819	0.450331
18.1	268435456	2.3666e-15	128	0.256025	0.58811	9.05991e-06	1.90735e-06	0.582002	0.142115	0.442275
17.9941	268435456	2.3666e-15	128	0.232713	0.618665	0	0	0.600526	0.119308	0.460487
17.6999	268435456	2.3666e-15	128	0.245603	0.624936	7.15256e-06	9.53674e-07	0.609869	0.125313	0.451753
18.0228	268435456	2.3666e-15	128	0.265481	0.605854	5.00679e-06	4.05312e-06	0.588391	0.122729	0.451987
18.6912	268435456	2.3666e-15	128	0.160946	0.64761	3.8147e-06	2.14577e-06	0.607689	0.115117	0.464192
18.5319	268435456	2.3666e-15	128	0.169741	0.670218	3.09944e-06	9.53674e-07	0.594597	0.113814	0.462051
18.2025	268435456	2.3666e-15	128	0.236574	0.596241	4.05312e-06	9.53674e-07	0.598696	0.123493	0.451043
18.0358	268435456	2.3666e-15	128	0.227699	0.636693	1.90735e-06	5.00679e-06	0.599291	0.116568	0.453538
17.4618	268435456	2.3666e-15	128	0.245978	0.662495	3.8147e-06	1.19209e-06	0.604658	0.131651	0.456029
17.6943	268435456	2.3666e-15	128	0.321271	0.553512	0	1.19209e-06	0.603075	0.125974	0.453607
18.7865	268435456	2.3666e-15	128	0.155917	0.640081	2.86102e-06	2.14577e-06	0.609444	0.110267	0.468989
18.1825	268435456	2.3666e-15	128	0.272271	0.573545	6.19888e-06	4.05312e-06	0.581534	0.129247	0.447478
17.8119	268435456	2.3666e-15	128	0.279685	0.593808	5.00679e-06	9.53674e-07	0.598044	0.12853	0.446721
17.7623	268435456	2.3666e-15	128	0.265101	0.644679	6.19888e-06	9.53674e-07	0.598812	0.123047	0.447683
18.2529	268435456	2.3666e-15	128	0.182123	0.659455	3.09944e-06	2.14577e-06	0.611713	0.109981	0.46976
18.3026	268435456	2.3666e-15	128	0.272904	0.552051	5.00679e-06	1.90735e-06	0.596233	0.109748	0.464752
18.8141	268435456	2.3666e-15	128	0.137015	0.648524	5.00679e-06	2.14577e-06	0.624652	0.054148	0.521032
18.0526	268435456	2.3666e-15	128	0.211277	0.63491	2.86102e-06	1.19209e-06	0.608657	0.107631	0.469631
17.8761	268435456	2.3666e-15	128	0.280668	0.589063	1.00136e-05	6.91414e-06	0.59477	0.12866	0.449704
17.8744	268435456	2.3666e-15	128	0.252845	0.600137	9.53674e-07	1.90735e-06	0.610855	0.120739	0.461298
18.142	268435456	2.3666e-15	128	0.186732	0.660256	3.09944e-06	1.90735e-06	0.623252	0.101366	0.475005
17.9332	268435456	2.3666e-15	128	0.317217	0.59031	9.53674e-07	4.05312e-06	0.589995	0.133524	0.44716
18.5351	268435456	2.3666e-15	128	0.153622	0.6543	1.90735e-06	0	0.611154	0.057205	0.519527
18.0767	268435456	2.3666e-15	128	0.254027	0.603759	5.00679e-06	9.53674e-07	0.599534	0.130721	0.443322
18.0413	268435456	2.3666e-15	128	0.27206	0.574301	2.86102e-06	1.90735e-06	0.608717	0.110437	0.468672
17.7369	268435456	2.3666e-15	128	0.268245	0.628118	5.96046e-06	1.90735e-06	0.591161	0.129882	0.453278
17.2042	268435456	2.3666e-15	128	0.309785	0.606015	3.8147e-06	9.53674e-07	0.618373	0.117259	0.461177
18.2739	268435456	2.3666e-15	128	0.183265	0.670618	1.90735e-06	9.53674e-07	0.598086	0.11128	0.470441
17.6443	268435456	2.3666e-15	128	0.304189	0.603212	9.53674e-07	9.53674e-07	0.60234	0.120495	0.460223
17.846	268435456	2.3666e-15	128	0.269915	0.589233	9.53674e-07	9.53674e-07	0.602413	0.116795	0.461981
18.2026	268435456	2.3666e-15	128	0.25496	0.587243	5.96046e-06	9.53674e-07	0.598451	0.116959	0.462902
17.9281	268435456	2.3666e-15	128	0.228257	0.636062	2.14577e-06	1.90735e-06	0.59326	0.142783	0.428171
18.5087	268435456	2.3666e-15	128	0.157343	0.653951	3.09944e-06	9.53674e-07	0.616673	0.057579	0.520912
17.9897	268435456	2.3666e-15	128	0.236595	0.624373	9.05991e-06	9.53674e-07	0.60787	0.132696	0.439968
17.73	268435456	2.3666e-15	128	0.294756	0.580214	7.86781e-06	9.53674e-07	0.599031	0.141677	0.439637
17.1086	268435456	2.3666e-15	128	0.306745	0.676114	9.53674e-07	9.53674e-07	0.611103	0.145318	0.437954
18.4509	268435456	2.3666e-15	128	0.173351	0.648963	1.19209e-06	1.90735e-06	0.614447	0.106438	0.477578
17.886	268435456	2.3666e-15	128	0.266662	0.625663	2.14577e-06	0	0.600935	0.125669	0.44865
18.0741	268435456	2.3666e-15	128	0.231334	0.614861	9.53674e-07	9.53674e-07	0.60584	0.119768	0.465154
18.3424	268435456	2.3666e-15	128	0.216965	0.607439	6.91414e-06	1.90735e-06	0.60219	0.132632	0.445419
18.049	268435456	2.3666e-15	128	0.282062	0.582488	7.15256e-06	5.00679e-06	0.598134	0.137745	0.442269
18.5395	268435456	2.3666e-15	128	0.180426	0.649141	2.86102e-06	9.53674e-07	0.603291	0.122165	0.454656
18.1447	268435456	2.3666e-15	128	0.247124	0.583447	2.86102e-06	9.53674e-07	0.613728	0.090209	0.487923
17.9472	268435456	2.3666e-15	128	0.259277	0.601689	9.53674e-07	1.90735e-06	0.604106	0.13592	0.443362
18.3387	268435456	2.3666e-15	128	0.155192	0.678388	3.8147e-06	1.19209e-06	0.610284	0.099314	0.48205
17.6842	268435456	2.3666e-15	128	0.239772	0.647445	5.00679e-06	9.53674e-07	0.617843	0.126077	0.458455
18.0985	268435456	2.3666e-15	128	0.252641	0.595856	9.53674e-07	1.90735e-06	0.612525	0.138383	0.441856
17.324	268435456	2.3666e-15	128	0.291961	0.656699	9.53674e-07	2.14577e-06	0.616611	0.113883	0.473193
17.8974	268435456	2.3666e-15	128	0.235273	0.621422	2.86102e-06	3.8147e-06	0.606339	0.134301	0.449074
17.8914	268435456	2.3666e-15	128	0.173171	0.71301	2.14577e-06	9.53674e-07	0.603581	0.115041	0.472522
17.7079	268435456	2.3666e-15	128	0.199082	0.687799	5.00679e-06	0	0.621318	0.120497	0.459932
17.7383	268435456	2.3666e-15	128	0.248806	0.62871	6.19888e-06	8.82149e-06	0.598132	0.116117	0.46249
16.9871	268435456	2.3666e-15	128	0.288876	0.632387	4.05312e-06	1.90735e-06	0.619047	0.146584	0.442655
18.6066	268435456	2.3666e-15	128	0.177402	0.64624	1.90735e-06	1.90735e-06	0.599077	0.115071	0.46196
18.033	268435456	2.3666e-15	128	0.28184	0.573154	9.53674e-07	0	0.611122	0.0622251	0.520359
18.5627	268435456	2.3666e-15	128	0.174181	0.656191	2.86102e-06	1.90735e-06	0.600468	0.11336	0.462567
18.4157	268435456	2.3666e-15	128	0.180102	0.663914	3.09944e-06	3.09944e-06	0.595794	0.117648	0.464479
17.8427	268435456	2.3666e-15	128	0.25693	0.605696	5.00679e-06	9.53674e-07	0.624709	0.114872	0.461628
18.1213	268435456	2.3666e-15	128	0.161557	0.703913	2.86102e-06	1.90735e-06	0.610488	0.109442	0.472589
17.9426	268435456	2.3666e-15	128	0.243497	0.628566	5.00679e-06	2.14577e-06	0.604712	0.134766	0.441725
18.6944	268435456	2.3666e-15	128	0.166222	0.629608	9.53674e-07	1.90735e-06	0.598238	0.0990911	0.4762
17.9888	268435456	2.3666e-15	128	0.254647	0.588269	4.05312e-06	3.8147e-06	0.597297	0.134267	0.447638
17.4593	268435456	2.3666e-15	128	0.327187	0.569675	5.00679e-06	2.86102e-06	0.60791	0.136079	0.444655
18.1955	268435456	2.3666e-15	128	0.243299	0.593906	2.14577e-06	0	0.61149	0.132829	0.44739
18.7869	268435456	2.3666e-15	128	0.134015	0.668675	5.00679e-06	1.19209e-06	0.614641	0.0539351	0.521109
17.8376	268435456	2.3666e-15	128	0.258556	0.612426	5.96046e-06	2.86102e-06	0.605427	0.132805	0.44986
17.8209	268435456	2.3666e-15	128	0.208729	0.650131	1.90735e-06	2.14577e-06	0.618029	0.117864	0.458633
18.8317	268435456	2.3666e-15	128	0.177538	0.620428	9.53674e-07	2.14577e-06	0.602686	0.121934	0.457725
18.069	268435456	2.3666e-15	128	0.24277	0.601489	4.05312e-06	9.53674e-07	0.603207	0.118095	0.458105
17.5082	268435456	2.3666e-15	128	0.232826	0.666052	6.91414e-06	9.53674e-07	0.607208	0.123434	0.463892
18.1273	268435456	2.3666e-15	128	0.272745	0.602947	1.19209e-06	2.86102e-06	0.602807	0.131631	0.445993
18.6443	268435456	2.3666e-15	128	0.157819	0.650076	5.00679e-06	9.53674e-07	0.61324	0.121618	0.459096
17.5108	268435456	2.3666e-15	128	0.345854	0.585397	1.19209e-06	9.53674e-07	0.617708	0.130023	0.450078
17.8246	268435456	2.3666e-15	128	0.311466	0.560886	3.09944e-06	9.53674e-07	0.60023	0.133798	0.448385
18.0921	268435456	2.3666e-15	128	0.221581	0.609772	4.05312e-06	2.86102e-06	0.605359	0.132112	0.45081
18.1849	268435456	2.3666e-15	128	0.273537	0.55933	1.90735e-06	5.96046e-06	0.588395	0.122916	0.458859
18.0173	268435456	2.3666e-15	128	0.240091	0.59535	7.86781e-06	9.53674e-07	0.614896	0.106478	0.472713
17.6225	268435456	2.3666e-15	128	0.271446	0.60704	1.90735e-06	9.53674e-07	0.597557	0.135983	0.44744
17.6772	268435456	2.3666e-15	128	0.320773	0.555574	5.00679e-06	5.00679e-06	0.599886	0.13776	0.446448
17.6623	268435456	2.3666e-15	128	0.300013	0.585981	5.00679e-06	2.14577e-06	0.6083	0.121456	0.459325
18.8844	268435456	2.3666e-15	128	0.141316	0.659087	1.19209e-06	1.90735e-06	0.60297	0.0905731	0.487447
17.5344	268435456	2.3666e-15	128	0.263563	0.618668	3.09944e-06	9.53674e-07	0.618071	0.134657	0.444735
18.6097	268435456	2.3666e-15	128	0.151276	0.66996	4.05312e-06	1.90735e-06	0.598738	0.115398	0.467021
18.1501	268435456	2.3666e-15	128	0.249496	0.591197	5.00679e-06	9.53674e-07	0.604474	0.122967	0.448959
18.3179	268435456	2.3666e-15	128	0.133634	0.717769	2.14577e-06	9.53674e-07	0.608415	0.109373	0.472157
18.0329	268435456	2.3666e-15	128	0.249031	0.612772	2.86102e-06	9.53674e-07	0.588323	0.127279	0.445951
18.2655	268435456	2.3666e-15	128	0.235051	0.605461	3.09944e-06	9.53674e-07	0.592784	0.132356	0.452694
17.847	268435456	2.3666e-15	128	0.278686	0.600729	6.91414e-06	1.90735e-06	0.595024	0.138583	0.439653
18.6197	268435456	2.3666e-15	128	0.129011	0.679577	3.09944e-06	9.53674e-07	0.617285	0.054003	0.528409
18.135	268435456	2.3666e-15	128	0.294276	0.550265	1.90735e-06	2.86102e-06	0.594206	0.12264	0.459012
18.1659	268435456	2.3666e-15	128	0.246256	0.579378	1.19209e-06	9.53674e-07	0.609858	0.120086	0.466069
18.1224	268435456	2.3666e-15	128	0.19867	0.664049	2.86102e-06	9.53674e-07	0.610323	0.120914	0.454014
17.6488	268435456	2.3666e-15	128	0.19625	0.689148	1.90735e-06	1.90735e-06	0.617862	0.0679591	0.522566
17.864	268435456	2.3666e-15	128	0.271121	0.603833	1.90735e-06	2.86102e-06	0.599756	0.117302	0.467439
18.6246	268435456	2.3666e-15	128	0.153637	0.64274	2.14577e-06	0	0.629759	0.055557	0.518657
17.9039	268435456	2.3666e-15	128	0.233838	0.638233	0	2.14577e-06	0.604251	0.13146	0.443856
18.4445	268435456	2.3666e-15	128	0.160511	0.669755	3.09944e-06	9.53674e-07	0.614363	0.105045	0.470196
18.301	268435456	2.3666e-15	128	0.172746	0.684861	5.00679e-06	3.09944e-06	0.599541	0.114496	0.462614
18.5278	268435456	2.3666e-15	128	0.167371	0.661487	4.05312e-06	3.09944e-06	0.605313	0.107725	0.468911
18.2729	268435456	2.3666e-15	128	0.176584	0.642298	2.86102e-06	3.09944e-06	0.619524	0.0624869	0.516754
18.4246	268435456	2.3666e-15	128	0.219508	0.600178	2.14577e-06	9.53674e-07	0.611252	0.135681	0.43994
18.5803	268435456	2.3666e-15	128	0.14435	0.68147	2.14577e-06	9.53674e-07	0.611699	0.109628	0.460999
18.4074	268435456	2.3666e-15	128	0.168976	0.65711	1.90735e-06	0	0.615788	0.113384	0.464394
17.1076	268435456	2.3666e-15	128	0.417634	0.57493	9.53674e-07	4.05312e-06	0.605071	0.146691	0.432215
17.6385	268435456	2.3666e-15	128	0.299948	0.639049	9.53674e-07	0	0.594996	0.137845	0.440943
17.758	268435456	2.3666e-15	128	0.243837	0.654922	9.53674e-07	1.19209e-06	0.620529	0.117851	0.461816
17.7061	268435456	2.3666e-15	128	0.24401	0.641485	5.00679e-06	9.53674e-07	0.600251	0.13401	0.439568
17.7393	268435456	2.3666e-15	128	0.253125	0.632402	4.05312e-06	3.09944e-06	0.596624	0.124951	0.454012
17.6907	268435456	2.3666e-15	128	0.229124	0.675879	5.00679e-06	3.09944e-06	0.58594	0.120819	0.457925
17.7885	268435456	2.3666e-15	128	0.158206	0.719259	9.53674e-07	1.19209e-06	0.635681	0.0535939	0.532225
17.2014	268435456	2.3666e-15	128	0.280571	0.638072	2.14577e-06	9.53674e-07	0.609236	0.138982	0.451089
18.1394	268435456	2.3666e-15	128	0.252037	0.598187	5.96046e-06	5.00679e-06	0.595933	0.11719	0.463842
17.8626	268435456	2.3666e-15	128	0.135244	0.768585	9.53674e-07	9.53674e-07	0.598341	0.066674	0.519447
18.0707	268435456	2.3666e-15	128	0.238609	0.608463	6.91414e-06	3.09944e-06	0.603231	0.117687	0.460374
18.9152	268435456	2.3666e-15	128	0.150474	0.639805	5.00679e-06	3.8147e-06	0.603363	0.108987	0.469014
18.1742	268435456	2.3666e-15	128	0.275888	0.552191	5.00679e-06	2.14577e-06	0.604332	0.131961	0.451975
18.0617	268435456	2.3666e-15	128	0.233215	0.600003	9.53674e-07	0	0.614545	0.096123	0.484896
17.9248	268435456	2.3666e-15	128	0.284131	0.563583	5.96046e-06	9.53674e-07	0.609176	0.135649	0.448221
18.3328	268435456	2.3666e-15	128	0.252399	0.581539	5.00679e-06	3.09944e-06	0.589796	0.112948	0.466432
18.532	268435456	2.3666e-15	128	0.174597	0.633986	5.00679e-06	1.19209e-06	0.608769	0.108351	0.473443
18.2808	268435456	2.3666e-15	128	0.202353	0.621599	3.09944e-06	9.53674e-07	0.618573	0.093133	0.481697
17.7854	268435456	2.3666e-15	128	0.338555	0.53845	8.10623e-06	0	0.611769	0.115088	0.461306
18.1299	268435456	2.3666e-15	128	0.17055	0.702319	1.90735e-06	2.14577e-06	0.603544	0.104188	0.475663
17.94	268435456	2.3666e-15	128	0.252553	0.62347	4.05312e-06	9.53674e-07	0.600651	0.125997	0.449321
18.1672	268435456	2.3666e-15	128	0.238052	0.604338	3.09944e-06	9.53674e-07	0.595611	0.139672	0.439998
17.6928	268435456	2.3666e-15	128	0.352656	0.526277	7.15256e-06	9.53674e-07	0.605934	0.134886	0.440748
18.1563	268435456	2.3666e-15	128	0.1918	0.650689	3.09944e-06	1.19209e-06	0.608893	0.110938	0.463304
17.8453	268435456	2.3666e-15	128	0.188083	0.707374	9.53674e-07	9.53674e-07	0.599421	0.118391	0.471784
18.3564	268435456	2.3666e-15	128	0.174305	0.664842	2.14577e-06	5.96046e-06	0.605384	0.0971889	0.470593
18.5803	268435456	2.3666e-15	128	0.156143	0.670313	2.14577e-06	1.90735e-06	0.600587	0.114344	0.457919
18.2715	268435456	2.3666e-15	128	0.244848	0.578949	1.90735e-06	1.90735e-06	0.598655	0.142425	0.433383
18.7662	268435456	2.3666e-15	128	0.155734	0.639491	4.05312e-06	1.90735e-06	0.601142	0.124098	0.456718
18.0745	268435456	2.3666e-15	128	0.213988	0.62136	2.86102e-06	9.53674e-07	0.612006	0.0979328	0.482444
18.527	268435456	2.3666e-15	128	0.157782	0.673225	2.86102e-06	0	0.596016	0.115249	0.471081
18.2178	268435456	2.3666e-15	128	0.125213	0.730913	0	0	0.618691	0.051749	0.529246
18.2354	268435456	2.3666e-15	128	0.243205	0.575994	5.96046e-06	9.53674e-07	0.592874	0.143381	0.439575
18.1597	268435456	2.3666e-15	128	0.221299	0.624914	5.00679e-06	9.53674e-07	0.599232	0.124189	0.452905
18.0847	268435456	2.3666e-15	128	0.219128	0.629446	2.86102e-06	2.86102e-06	0.607529	0.1094	0.473269
17.888	268435456	2.3666e-15	128	0.257989	0.588199	1.90735e-06	9.53674e-07	0.608799	0.121113	0.455475
17.9425	268435456	2.3666e-15	128	0.308853	0.544989	6.19888e-06	1.90735e-06	0.592576	0.128098	0.448471
17.8928	268435456	2.3666e-15	128	0.293021	0.573433	7.86781e-06	3.09944e-06	0.605853	0.131361	0.445591
17.8794	268435456	2.3666e-15	128	0.274248	0.588788	4.05312e-06	9.53674e-07	0.593911	0.129434	0.449487
17.9685	268435456	2.3666e-15	128	0.187519	0.66934	4.05312e-06	9.53674e-07	0.611845	0.0871179	0.497319
17.3743	268435456	2.3666e-15	128	0.28309	0.604773	3.09944e-06	0	0.625585	0.10997	0.473127
17.4461	268435456	2.3666e-15	128	0.321263	0.585582	3.09944e-06	9.53674e-07	0.622569	0.126879	0.450273
17.8201	268435456	2.3666e-15	128	0.28733	0.606068	4.05312e-06	3.09944e-06	0.586582	0.128451	0.449043
18.5493	268435456	2.3666e-15	128	0.178402	0.642946	2.14577e-06	3.09944e-06	0.613428	0.113421	0.461157
18.0097	268435456	2.3666e-15	128	0.17908	0.708115	9.53674e-07	9.53674e-07	0.607247	0.116175	0.458068
18.397	268435456	2.3666e-15	128	0.202305	0.617175	2.86102e-06	1.19209e-06	0.600859	0.113134	0.460749
18.36	268435456	2.3666e-15	128	0.128272	0.701038	1.90735e-06	0	0.620079	0.0540469	0.52159
18.0126	268435456	2.3666e-15	128	0.270064	0.605897	1.90735e-06	9.53674e-07	0.60632	0.118322	0.460265
17.8418	268435456	2.3666e-15	128	0.239867	0.622022	3.09944e-06	2.86102e-06	0.608963	0.120088	0.460408
18.1505	268435456	2.3666e-15	128	0.232464	0.617678	2.14577e-06	1.90735e-06	0.604248	0.129096	0.448563
18.1659	268435456	2.3666e-15	128	0.176409	0.664965	1.90735e-06	9.53674e-07	0.613982	0.122306	0.461156
17.8387	268435456	2.3666e-15	128	0.263328	0.606387	2.14577e-06	9.53674e-07	0.607412	0.126646	0.449864
18.0012	268435456	2.3666e-15	128	0.233964	0.624295	2.14577e-06	5.96046e-06	0.600921	0.12789	0.447828
17.1718	268435456	2.3666e-15	128	0.331175	0.640554	9.53674e-07	9.53674e-07	0.607984	0.132003	0.453548
17.9624	268435456	2.3666e-15	128	0.288997	0.576287	2.86102e-06	3.09944e-06	0.595651	0.12005	0.45557
18.1629	268435456	2.3666e-15	128	0.267991	0.574365	5.00679e-06	2.14577e-06	0.605027	0.123471	0.456805
18.0555	268435456	2.3666e-15	128	0.319303	0.539088	3.09944e-06	9.53674e-07	0.594627	0.134873	0.441737
17.7909	268435456	2.3666e-15	128	0.23186	0.643591	5.00679e-06	2.14577e-06	0.601469	0.127513	0.448557
18.1535	268435456	2.3666e-15	128	0.233501	0.611144	9.05991e-06	4.05312e-06	0.596316	0.129772	0.446015
17.7738	268435456	2.3666e-15	128	0.313091	0.602001	1.19209e-06	3.09944e-06	0.600641	0.115622	0.46522
18.6069	268435456	2.3666e-15	128	0.157171	0.651132	5.00679e-06	9.53674e-07	0.613679	0.101122	0.477332
16.9401	268435456	2.3666e-15	128	0.395042	0.561033	5.00679e-06	9.53674e-07	0.614964	0.14326	0.446488
18.5638	268435456	2.3666e-15	128	0.165476	0.652994	1.90735e-06	9.53674e-07	0.604109	0.126585	0.457623
18.1622	268435456	2.3666e-15	128	0.299375	0.533233	3.09944e-06	2.14577e-06	0.600059	0.126184	0.452073
17.7944	268435456	2.3666e-15	128	0.266644	0.598123	6.91414e-06	9.53674e-07	0.609349	0.131171	0.446486
18.8077	268435456	2.3666e-15	128	0.132573	0.651786	0	9.53674e-07	0.622093	0.0523779	0.52998
17.6734	268435456	2.3666e-15	128	0.238656	0.661808	3.09944e-06	1.19209e-06	0.607966	0.122583	0.454294
17.9226	268435456	2.3666e-15	128	0.300097	0.558073	5.96046e-06	9.53674e-07	0.597805	0.120616	0.459994
17.2236	268435456	2.3666e-15	128	0.271504	0.662053	1.90735e-06	3.09944e-06	0.606763	0.121999	0.459897
18.3077	268435456	2.3666e-15	128	0.307144	0.526073	2.14577e-06	9.53674e-07	0.59319	0.114538	0.468283
17.6296	268435456	2.3666e-15	128	0.286541	0.651856	1.90735e-06	2.86102e-06	0.593554	0.137242	0.444977
18.0655	268435456	2.3666e-15	128	0.239285	0.601253	4.05312e-06	9.53674e-07	0.612283	0.116142	0.460297
17.5822	268435456	2.3666e-15	128	0.25442	0.634905	5.00679e-06	1.90735e-06	0.608302	0.131181	0.449408
18.1854	268435456	2.3666e-15	128	0.215404	0.619114	2.86102e-06	3.09944e-06	0.601321	0.108898	0.47198
18.0092	268435456	2.3666e-15	128	0.269112	0.597731	4.05312e-06	1.19209e-06	0.598614	0.13218	0.449704
18.9153	268435456	2.3666e-15	128	0.140065	0.640889	2.86102e-06	1.90735e-06	0.614734	0.052458	0.527108
17.7406	268435456	2.3666e-15	128	0.317196	0.562108	6.91414e-06	9.53674e-07	0.610538	0.131989	0.443825
17.771	268435456	2.3666e-15	128	0.294374	0.574422	5.00679e-06	1.90735e-06	0.602655	0.126554	0.449834
17.9022	268435456	2.3666e-15	128	0.214582	0.637265	5.96046e-06	1.90735e-06	0.605624	0.115796	0.460371
17.5066	268435456	2.3666e-15	128	0.294693	0.609568	5.00679e-06	2.14577e-06	0.603088	0.125216	0.453398
17.7668	268435456	2.3666e-15	128	0.156151	0.722262	2.86102e-06	9.53674e-07	0.620463	0.112546	0.479724
17.702	268435456	2.3666e-15	128	0.319825	0.60439	9.53674e-07	3.09944e-06	0.603583	0.134015	0.443872
18.5218	268435456	2.3666e-15	128	0.155736	0.687084	3.09944e-06	1.19209e-06	0.598292	0.117164	0.457263
18.52	268435456	2.3666e-15	128	0.15585	0.670412	5.00679e-06	1.19209e-06	0.598255	0.0542331	0.523545
17.5242	268435456	2.3666e-15	128	0.294902	0.588624	4.05312e-06	9.53674e-07	0.611555	0.134302	0.448597
17.9704	268435456	2.3666e-15	128	0.253959	0.587479	4.05312e-06	1.90735e-06	0.618892	0.115314	0.455426
17.2317	268435456	2.3666e-15	128	0.307923	0.621871	7.86781e-06	9.53674e-07	0.610963	0.115679	0.464549
17.8183	268435456	2.3666e-15	128	0.258734	0.592126	1.90735e-06	9.53674e-07	0.610057	0.135861	0.440666
17.9779	268435456	2.3666e-15	128	0.27013	0.603108	6.91414e-06	1.90735e-06	0.604574	0.132528	0.439957
18.1198	268435456	2.3666e-15	128	0.144302	0.700771	9.53674e-07	0	0.613367	0.059629	0.519193
18.5846	268435456	2.3666e-15	128	0.171779	0.621317	5.00679e-06	2.14577e-06	0.613604	0.0874531	0.490073
18.5751	268435456	2.3666e-15	128	0.229681	0.586371	5.00679e-06	7.86781e-06	0.598583	0.126078	0.449833
18.3607	268435456	2.3666e-15	128	0.15879	0.689007	7.86781e-06	1.90735e-06	0.608667	0.120881	0.454305
17.8621	268435456	2.3666e-15	128	0.198527	0.675335	1.90735e-06	9.53674e-07	0.606869	0.120698	0.459218
18.7787	268435456	2.3666e-15	128	0.150929	0.661203	1.90735e-06	2.14577e-06	0.589048	0.124693	0.457917
18.2729	268435456	2.3666e-15	128	0.153244	0.679843	5.96046e-06	9.53674e-07	0.610672	0.061681	0.517075
17.9058	268435456	2.3666e-15	128	0.279188	0.579693	1.19209e-05	9.53674e-07	0.605774	0.122964	0.452653
18.1968	268435456	2.3666e-15	128	0.192381	0.661732	1.90735e-06	2.14577e-06	0.603685	0.110056	0.474342
17.674	268435456	2.3666e-15	128	0.251328	0.642754	4.05312e-06	4.05312e-06	0.589091	0.124407	0.458477
18.0512	268435456	2.3666e-15	128	0.243601	0.606545	4.76837e-06	9.53674e-07	0.610141	0.129974	0.445398
17.944	268435456	2.3666e-15	128	0.17083	0.690795	3.09944e-06	9.53674e-07	0.618129	0.103481	0.477995
17.8944	268435456	2.3666e-15	128	0.249005	0.635246	2.86102e-06	9.53674e-07	0.601487	0.123144	0.453502
18.0143	268435456	2.3666e-15	128	0.297944	0.55762	1.19209e-06	1.90735e-06	0.59441	0.11678	0.455747
17.9617	268435456	2.3666e-15	128	0.238957	0.620236	3.8147e-06	9.53674e-07	0.607016	0.131967	0.450444
18.0351	268435456	2.3666e-15	128	0.258618	0.587791	1.90735e-06	1.19209e-06	0.609556	0.11878	0.451991
17.8613	268435456	2.3666e-15	128	0.256968	0.617066	9.53674e-07	9.53674e-07	0.600892	0.132691	0.444373
17.9547	268435456	2.3666e-15	128	0.259572	0.595437	1.90735e-06	1.90735e-06	0.604733	0.120556	0.45578
17.9581	268435456	2.3666e-15	128	0.24082	0.635868	5.96046e-06	9.53674e-07	0.594828	0.122572	0.456026
18.3517	268435456	2.3666e-15	128	0.218211	0.594895	1.90735e-06	9.53674e-07	0.596566	0.117092	0.462932
17.9203	268435456	2.3666e-15	128	0.261524	0.604145	3.8147e-06	1.90735e-06	0.592768	0.126923	0.453524
17.8449	268435456	2.3666e-15	128	0.295359	0.577499	6.91414e-06	9.53674e-07	0.60472	0.122903	0.459082
17.9582	268435456	2.3666e-15	128	0.306201	0.54677	3.09944e-06	2.14577e-06	0.596679	0.12204	0.45804
18.3364	268435456	2.3666e-15	128	0.257165	0.56388	4.05312e-06	3.09944e-06	0.591613	0.127465	0.451976
18.118	268435456	2.3666e-15	128	0.252967	0.598687	7.86781e-06	3.8147e-06	0.597315	0.138114	0.445775
18.0997	268435456	2.3666e-15	128	0.305417	0.570442	1.90735e-06	4.05312e-06	0.592865	0.115083	0.46332
18.0386	268435456	2.3666e-15	128	0.264624	0.573569	6.91414e-06	2.86102e-06	0.599195	0.117712	0.46003
18.3066	268435456	2.3666e-15	128	0.249124	0.583836	1.19209e-06	4.05312e-06	0.601428	0.127076	0.448678
17.4764	268435456	2.3666e-15	128	0.29708	0.613799	5.96046e-06	9.53674e-07	0.606764	0.144864	0.431761
18.6408	268435456	2.3666e-15	128	0.150649	0.653264	3.09944e-06	9.53674e-07	0.612078	0.0531788	0.525714
18.1715	268435456	2.3666e-15	128	0.221921	0.623367	3.09944e-06	9.53674e-07	0.600264	0.125056	0.450127
18.1108	268435456	2.3666e-15	128	0.258922	0.577756	3.09944e-06	2.14577e-06	0.604322	0.126604	0.446073
18.5255	268435456	2.3666e-15	128	0.153106	0.668837	2.14577e-06	1.19209e-06	0.614465	0.114203	0.465152
18.6087	268435456	2.3666e-15	128	0.204075	0.615319	2.86102e-06	4.05312e-06	0.595939	0.14312	0.438768
18.1136	268435456	2.3666e-15	128	0.211995	0.609784	5.96046e-06	0	0.619126	0.0945809	0.48697
17.9478	268435456	2.3666e-15	128	0.176024	0.707417	5.00679e-06	1.19209e-06	0.602214	0.112498	0.471322
18.0966	268435456	2.3666e-15	128	0.305487	0.545822	5.00679e-06	9.53674e-07	0.594718	0.120902	0.457686
17.6855	268435456	2.3666e-15	128	0.293293	0.610042	2.14577e-06	2.14577e-06	0.59257	0.135895	0.449889
17.5874	268435456	2.3666e-15	128	0.31112	0.592969	1.28746e-05	1.90735e-06	0.610432	0.131718	0.447149
18.8619	268435456	2.3666e-15	128	0.152136	0.654319	2.86102e-06	4.05312e-06	0.596064	0.106762	0.468361
18.5743	268435456	2.3666e-15	128	0.2528	0.557212	3.09944e-06	3.09944e-06	0.596058	0.142506	0.439211
18.5667	268435456	2.3666e-15	128	0.161344	0.646798	1.90735e-06	9.53674e-07	0.607457	0.114501	0.463754
17.8979	268435456	2.3666e-15	128	0.261163	0.601326	9.53674e-07	2.14577e-06	0.595042	0.119586	0.45718
18.2219	268435456	2.3666e-15	128	0.26373	0.582893	1.90735e-06	5.00679e-06	0.599028	0.129744	0.449746
18.5003	268435456	2.3666e-15	128	0.134364	0.665976	3.8147e-06	9.53674e-07	0.620745	0.0571201	0.523461
18.2521	268435456	2.3666e-15	128	0.124501	0.724074	1.90735e-06	0	0.61519	0.0524199	0.530111
18.2055	268435456	2.3666e-15	128	0.185112	0.656962	6.91414e-06	3.09944e-06	0.611698	0.111348	0.47578
18.7823	268435456	2.3666e-15	128	0.136317	0.664729	3.09944e-06	1.90735e-06	0.609138	0.115134	0.461666
17.7186	268435456	2.3666e-15	128	0.346778	0.526313	1.90735e-06	9.53674e-07	0.597387	0.130217	0.455814
17.8317	268435456	2.3666e-15	128	0.18882	0.674334	9.05991e-06	9.53674e-07	0.615585	0.124933	0.456129
18.0318	268435456	2.3666e-15	128	0.197824	0.648712	4.05312e-06	2.14577e-06	0.624223	0.0895538	0.487029
17.6655	268435456	2.3666e-15	128	0.30168	0.583947	5.96046e-06	2.86102e-06	0.601397	0.136435	0.446893
17.6726	268435456	2.3666e-15	128	0.307788	0.629321	1.90735e-06	5.00679e-06	0.596542	0.140194	0.434016
17.9849	268435456	2.3666e-15	128	0.260732	0.605748	4.05312e-06	5.00679e-06	0.598603	0.142137	0.438068
17.8816	268435456	2.3666e-15	128	0.154515	0.732695	2.86102e-06	3.09944e-06	0.615054	0.0957031	0.490183
17.9115	268435456	2.3666e-15	128	0.283023	0.610993	5.96046e-06	2.86102e-06	0.592463	0.12786	0.446668
18.2088	268435456	2.3666e-15	128	0.226969	0.615871	4.05312e-06	1.90735e-06	0.606242	0.122077	0.457868
19.0758	268435456	2.3666e-15	128	0.141025	0.638483	3.09944e-06	1.90735e-06	0.602371	0.0801461	0.498629
18.3528	268435456	2.3666e-15	128	0.247324	0.601568	4.05312e-06	5.00679e-06	0.593909	0.118214	0.462547
18.1361	268435456	2.3666e-15	128	0.257482	0.578954	5.00679e-06	9.53674e-07	0.623115	0.121734	0.459656
18.056	268435456	2.3666e-15	128	0.199019	0.664132	5.00679e-06	0	0.603972	0.120548	0.464662
18.3749	268435456	2.3666e-15	128	0.160827	0.673681	3.09944e-06	9.53674e-07	0.605209	0.0524931	0.525257
17.664	268435456	2.3666e-15	128	0.221781	0.658826	1.19209e-06	1.90735e-06	0.604305	0.114511	0.47299
19.004	268435456	2.3666e-15	128	0.144881	0.622393	5.96046e-06	1.90735e-06	0.625426	0.0542519	0.519382
18.2757	268435456	2.3666e-15	128	0.25967	0.586639	5.96046e-06	2.14577e-06	0.593723	0.107097	0.472388
17.9796	268435456	2.3666e-15	128	0.246505	0.603879	6.19888e-06	5.00679e-06	0.594367	0.126327	0.45125
17.7889	268435456	2.3666e-15	128	0.289487	0.596857	6.19888e-06	5.96046e-06	0.588493	0.127093	0.456852
18.0904	268435456	2.3666e-15	128	0.228486	0.621791	3.8147e-06	1.90735e-06	0.614154	0.123874	0.458752
18.6185	268435456	2.3666e-15	128	0.14581	0.672294	2.14577e-06	1.19209e-06	0.606974	0.0528951	0.529925
18.3072	268435456	2.3666e-15	128	0.186751	0.652108	4.76837e-06	3.09944e-06	0.609723	0.112018	0.472598
18.3212	268435456	2.3666e-15	128	0.188634	0.64223	6.91414e-06	1.90735e-06	0.607939	0.107367	0.47481
18.3619	268435456	2.3666e-15	128	0.227687	0.594906	3.8147e-06	2.14577e-06	0.609651	0.124414	0.457397
17.4236	268435456	2.3666e-15	128	0.16031	0.789714	2.86102e-06	9.53674e-07	0.613926	0.106549	0.471513
17.8121	268435456	2.3666e-15	128	0.300677	0.60303	9.53674e-07	1.90735e-06	0.606305	0.140475	0.441364
17.7829	268435456	2.3666e-15	128	0.206898	0.667883	7.15256e-06	9.53674e-07	0.604292	0.127468	0.456631
17.6698	268435456	2.3666e-15	128	0.329011	0.572885	1.90735e-06	9.53674e-07	0.619148	0.126961	0.449498
18.2844	268435456	2.3666e-15	128	0.328929	0.505452	2.86102e-06	9.53674e-07	0.605348	0.12619	0.448985
18.7153	268435456	2.3666e-15	128	0.165107	0.645864	2.14577e-06	3.09944e-06	0.600007	0.115704	0.46454
17.6173	268435456	2.3666e-15	128	0.304658	0.618072	2.14577e-06	3.09944e-06	0.604943	0.117772	0.456639
17.5265	268435456	2.3666e-15	128	0.343205	0.606755	9.53674e-07	1.90735e-06	0.593551	0.132308	0.451569
18.3851	268435456	2.3666e-15	128	0.145654	0.687755	1.90735e-06	9.53674e-07	0.609456	0.059128	0.52139
18.2761	268435456	2.3666e-15	128	0.253195	0.580271	2.14577e-06	2.14577e-06	0.594977	0.129475	0.446011
18.9129	268435456	2.3666e-15	128	0.159002	0.628616	5.00679e-06	1.90735e-06	0.609808	0.052784	0.522484
17.7278	268435456	2.3666e-15	128	0.348863	0.519086	9.53674e-07	9.53674e-07	0.602781	0.134119	0.447426
18.4347	268435456	2.3666e-15	128	0.187593	0.63858	5.00679e-06	9.53674e-07	0.614976	0.09038	0.488739
17.3673	268435456	2.3666e-15	128	0.237728	0.67938	3.09944e-06	3.09944e-06	0.613529	0.102364	0.476242
18.0693	268435456	2.3666e-15	128	0.252465	0.608246	1.90735e-06	9.53674e-07	0.614173	0.130686	0.439083
18.1937	268435456	2.3666e-15	128	0.282929	0.543229	4.05312e-06	9.53674e-07	0.608552	0.105493	0.473753
17.9778	268435456	2.3666e-15	128	0.24687	0.60732	2.86102e-06	9.53674e-07	0.599859	0.134569	0.443671
18.2648	268435456	2.3666e-15	128	0.163281	0.70029	9.53674e-07	9.53674e-07	0.593629	0.121513	0.461485
18.5013	268435456	2.3666e-15	128	0.193215	0.611298	2.86102e-06	9.53674e-07	0.611692	0.103943	0.474111
17.4379	268435456	2.3666e-15	128	0.344032	0.601941	9.53674e-07	3.09944e-06	0.605679	0.140548	0.444052
17.9098	268435456	2.3666e-15	128	0.24174	0.609426	1.00136e-05	5.00679e-06	0.617281	0.122869	0.456812
17.4073	268435456	2.3666e-15	128	0.230592	0.659696	2.86102e-06	9.53674e-07	0.615106	0.121206	0.467679
17.564	268435456	2.3666e-15	128	0.324116	0.563476	5.00679e-06	3.09944e-06	0.604008	0.13055	0.454756
18.4443	268435456	2.3666e-15	128	0.160829	0.675997	6.91414e-06	1.19209e-06	0.603157	0.114544	0.466756
17.7737	268435456	2.3666e-15	128	0.29754	0.607467	9.53674e-07	1.19209e-06	0.607171	0.125609	0.45985
18.2148	268435456	2.3666e-15	128	0.222529	0.607536	3.09944e-06	0	0.60338	0.113916	0.462289
17.277	268435456	2.3666e-15	128	0.317719	0.650402	9.53674e-07	3.09944e-06	0.606963	0.132565	0.448896
18.3163	268435456	2.3666e-15	128	0.222898	0.585633	4.05312e-06	0	0.614403	0.0881538	0.489934
18.4186	268435456	2.3666e-15	128	0.217249	0.591452	2.14577e-06	1.90735e-06	0.6202	0.101049	0.474637
17.3504	268435456	2.3666e-15	128	0.336104	0.566797	9.53674e-07	1.90735e-06	0.610005	0.130499	0.451105
18.6542	268435456	2.3666e-15	128	0.165852	0.651177	4.05312e-06	2.14577e-06	0.599971	0.116218	0.462995
18.0528	268435456	2.3666e-15	128	0.149978	0.716215	3.09944e-06	1.90735e-06	0.610928	0.105473	0.47591
18.0359	268435456	2.3666e-15	128	0.19619	0.655828	4.76837e-06	4.05312e-06	0.61767	0.107052	0.474668
16.7463	268435456	2.3666e-15	128	0.316198	0.714981	2.14577e-06	0	0.610549	0.130279	0.45487
17.9594	268435456	2.3666e-15	128	0.251553	0.6086	5.00679e-06	9.53674e-07	0.596505	0.135841	0.446515
17.8462	268435456	2.3666e-15	128	0.287308	0.56318	1.90735e-06	1.19209e-06	0.613938	0.121202	0.455819
17.9936	268435456	2.3666e-15	128	0.224111	0.623925	3.8147e-06	0	0.609534	0.107569	0.465939
17.7514	268435456	2.3666e-15	128	0.26219	0.607585	9.53674e-07	1.19209e-06	0.609192	0.124113	0.455822
18.8457	268435456	2.3666e-15	128	0.141223	0.674846	4.05312e-06	9.53674e-07	0.592123	0.0921731	0.483169
18.1615	268435456	2.3666e-15	128	0.237877	0.598444	4.05312e-06	1.90735e-06	0.609425	0.110048	0.4653
18.652	268435456	2.3666e-15	128	0.232788	0.584724	3.09944e-06	4.05312e-06	0.590062	0.133748	0.443781
18.8835	268435456	2.3666e-15	128	0.133572	0.658343	2.86102e-06	1.90735e-06	0.610467	0.051929	0.526371
18.1465	268435456	2.3666e-15	128	0.28382	0.561534	5.00679e-06	1.90735e-06	0.59589	0.115287	0.465985
18.0204	268435456	2.3666e-15	128	0.243016	0.602348	7.15256e-06	2.14577e-06	0.599528	0.11958	0.461661
18.4111	268435456	2.3666e-15	128	0.167438	0.674291	2.86102e-06	9.53674e-07	0.610205	0.115428	0.459211
17.6865	268435456	2.3666e-15	128	0.258678	0.600041	5.96046e-06	1.90735e-06	0.613876	0.13874	0.44297
18.1283	268435456	2.3666e-15	128	0.277972	0.558971	1.90735e-06	1.90735e-06	0.602179	0.11659	0.463045
17.9278	268435456	2.3666e-15	128	0.248215	0.607852	1.90735e-06	1.90735e-06	0.612313	0.112518	0.465058
17.0009	268435456	2.3666e-15	128	0.251543	0.710032	5.00679e-06	4.05312e-06	0.623368	0.134687	0.449264
17.601	268435456	2.3666e-15	128	0.281167	0.626529	5.96046e-06	9.53674e-07	0.599949	0.125068	0.457783
18.0665	268435456	2.3666e-15	128	0.18505	0.637788	3.09944e-06	9.53674e-07	0.63558	0.0815179	0.496132
17.7668	268435456	2.3666e-15	128	0.23109	0.666548	3.09944e-06	9.53674e-07	0.592432	0.116018	0.470373
19.0704	268435456	2.3666e-15	128	0.142765	0.64652	4.05312e-06	2.14577e-06	0.593103	0.120602	0.455573
17.8954	268435456	2.3666e-15	128	0.260129	0.597201	5.96046e-06	4.05312e-06	0.600353	0.119566	0.462264
18.0117	268435456	2.3666e-15	128	0.235067	0.610774	3.8147e-06	1.19209e-06	0.596025	0.122663	0.454544
18.0985	268435456	2.3666e-15	128	0.254797	0.588742	5.00679e-06	2.86102e-06	0.595816	0.115358	0.464433
18.5619	268435456	2.3666e-15	128	0.151224	0.682137	9.53674e-07	1.19209e-06	0.597	0.114193	0.466246
18.2218	268435456	2.3666e-15	128	0.18517	0.667039	4.05312e-06	3.09944e-06	0.603463	0.116822	0.465773
17.8816	268435456	2.3666e-15	128	0.179711	0.71574	2.14577e-06	9.53674e-07	0.598724	0.12346	0.452205
18.1775	268435456	2.3666e-15	128	0.151863	0.692022	2.86102e-06	1.19209e-06	0.615359	0.0991411	0.48001
18.4536	268435456	2.3666e-15	128	0.225629	0.591871	3.09944e-06	9.53674e-07	0.601806	0.127361	0.44362
17.8528	268435456	2.3666e-15	128	0.279142	0.579862	1.19209e-06	9.53674e-07	0.603015	0.130354	0.452539
17.7243	268435456	2.3666e-15	128	0.320051	0.572952	5.00679e-06	2.86102e-06	0.587418	0.143091	0.435497
17.4647	268435456	2.3666e-15	128	0.256644	0.668182	5.00679e-06	3.09944e-06	0.602013	0.131351	0.449423
17.5584	268435456	2.3666e-15	128	0.293432	0.642755	1.90735e-06	5.00679e-06	0.59491	0.124123	0.456442
17.5141	268435456	2.3666e-15	128	0.246805	0.666706	5.00679e-06	2.86102e-06	0.617193	0.130704	0.44695
17.8973	268435456	2.3666e-15	128	0.229339	0.639326	2.86102e-06	9.53674e-07	0.606085	0.115925	0.46148
18.59	268435456	2.3666e-15	128	0.147457	0.657686	3.09944e-06	9.53674e-07	0.623548	0.053741	0.527136
17.5258	268435456	2.3666e-15	128	0.311555	0.591058	1.19209e-06	9.53674e-07	0.601194	0.113189	0.466508
17.953	268435456	2.3666e-15	128	0.212115	0.649322	4.05312e-06	1.90735e-06	0.608382	0.120958	0.460443
18.0307	268435456	2.3666e-15	128	0.216617	0.641958	5.96046e-06	9.53674e-07	0.602608	0.118326	0.466892
18.0779	268435456	2.3666e-15	128	0.210998	0.623171	2.86102e-06	9.53674e-07	0.616179	0.0897262	0.490873
17.6702	268435456	2.3666e-15	128	0.364097	0.577891	1.19209e-06	1.90735e-06	0.589294	0.135054	0.441811
18.2608	268435456	2.3666e-15	128	0.299074	0.541483	1.90735e-06	3.09944e-06	0.58455	0.143569	0.43543
17.95	268435456	2.3666e-15	128	0.281533	0.579275	5.00679e-06	1.90735e-06	0.598191	0.142034	0.438811
17.8523	268435456	2.3666e-15	128	0.282915	0.60018	4.05312e-06	1.19209e-06	0.587668	0.148341	0.433728
18.7734	268435456	2.3666e-15	128	0.143163	0.660414	5.00679e-06	9.53674e-07	0.610423	0.0529649	0.525442
18.4335	268435456	2.3666e-15	128	0.195281	0.642898	4.05312e-06	1.90735e-06	0.599959	0.117127	0.458064
17.8227	268435456	2.3666e-15	128	0.312202	0.607179	9.53674e-07	6.19888e-06	0.588247	0.116353	0.465547
18.1699	268435456	2.3666e-15	128	0.137412	0.695234	3.8147e-06	9.53674e-07	0.627798	0.0540409	0.52389
18.2551	268435456	2.3666e-15	128	0.15406	0.693282	1.90735e-06	9.53674e-07	0.616915	0.094764	0.484987
17.2149	268435456	2.3666e-15	128	0.27767	0.648196	2.86102e-06	1.19209e-06	0.625835	0.125033	0.44749
18.0342	268435456	2.3666e-15	128	0.240834	0.593759	5.00679e-06	1.90735e-06	0.605653	0.120361	0.46134
18.788	268435456	2.3666e-15	128	0.17259	0.631143	2.14577e-06	9.53674e-07	0.609028	0.102403	0.467899
18.7345	268435456	2.3666e-15	128	0.180481	0.633506	1.90735e-06	1.90735e-06	0.596574	0.103184	0.472538
17.4046	268435456	2.3666e-15	128	0.353557	0.587843	1.19209e-06	9.53674e-07	0.602649	0.144381	0.442227
18.0583	268435456	2.3666e-15	128	0.202163	0.642651	4.05312e-06	5.00679e-06	0.60587	0.113122	0.470605
17.9136	268435456	2.3666e-15	128	0.259839	0.59702	5.00679e-06	2.86102e-06	0.601776	0.13355	0.450186
17.8755	268435456	2.3666e-15	128	0.246182	0.618744	5.96046e-06	3.09944e-06	0.607815	0.128305	0.460598
18.4435	268435456	2.3666e-15	128	0.219732	0.581879	1.90735e-06	9.53674e-07	0.605268	0.103603	0.478614
17.7863	268435456	2.3666e-15	128	0.226987	0.661083	1.09673e-05	1.90735e-06	0.605518	0.124851	0.456401
17.6096	268435456	2.3666e-15	128	0.318731	0.561539	4.05312e-06	1.19209e-06	0.598402	0.124226	0.456953
18.1811	268435456	2.3666e-15	128	0.229275	0.61304	5.00679e-06	9.53674e-07	0.603295	0.115809	0.460053
16.9213	268435456	2.3666e-15	128	0.22377	0.736338	4.05312e-06	1.90735e-06	0.642364	0.093595	0.486825
18.3776	268435456	2.3666e-15	128	0.198992	0.625286	2.14577e-06	1.19209e-06	0.610716	0.105643	0.468902
17.6838	268435456	2.3666e-15	128	0.354688	0.562476	2.14577e-06	9.53674e-07	0.598613	0.141379	0.435916
18.6361	268435456	2.3666e-15	128	0.183741	0.625901	1.19209e-06	9.53674e-07	0.598026	0.124731	0.460492
17.7241	268435456	2.3666e-15	128	0.279589	0.593931	3.09944e-06	1.90735e-06	0.607989	0.111053	0.472887
18.7726	268435456	2.3666e-15	128	0.160283	0.644229	3.09944e-06	1.19209e-06	0.605075	0.107492	0.468255
17.9687	268435456	2.3666e-15	128	0.235725	0.641156	1.19209e-06	2.86102e-06	0.613511	0.105992	0.477625
17.9614	268435456	2.3666e-15	128	0.269263	0.605189	5.00679e-06	9.53674e-07	0.59961	0.117076	0.466384
18.1498	268435456	2.3666e-15	128	0.171373	0.659307	6.91414e-06	9.53674e-07	0.621767	0.10812	0.475906
19.0645	268435456	2.3666e-15	128	0.14296	0.641656	9.53674e-07	1.19209e-06	0.58985	0.0864899	0.494893
17.6857	268435456	2.3666e-15	128	0.245415	0.677874	2.86102e-06	1.90735e-06	0.60596	0.116155	0.461809
18.7828	268435456	2.3666e-15	128	0.162611	0.646735	4.05312e-06	9.53674e-07	0.596744	0.075017	0.506057
17.8812	268435456	2.3666e-15	128	0.211626	0.679532	2.86102e-06	9.53674e-07	0.612324	0.133776	0.44278
18.4768	268435456	2.3666e-15	128	0.174613	0.639106	2.86102e-06	0	0.614963	0.105317	0.470631
17.2512	268435456	2.3666e-15	128	0.261076	0.671524	9.53674e-07	9.53674e-07	0.634088	0.119625	0.473967
17.9368	268435456	2.3666e-15	128	0.312457	0.54964	6.91414e-06	5.96046e-06	0.596473	0.114306	0.464471
17.7741	268435456	2.3666e-15	128	0.281754	0.577795	7.86781e-06	9.53674e-07	0.603651	0.122539	0.451541
17.5203	268435456	2.3666e-15	128	0.318373	0.576589	7.15256e-06	9.53674e-07	0.607932	0.128145	0.44524
18.3434	268435456	2.3666e-15	128	0.13117	0.706676	9.53674e-07	1.19209e-06	0.619645	0.068218	0.513956
17.8395	268435456	2.3666e-15	128	0.331617	0.581741	9.53674e-07	2.14577e-06	0.594447	0.129844	0.451524
18.662	268435456	2.3666e-15	128	0.17105	0.652115	2.14577e-06	1.90735e-06	0.600418	0.113752	0.458424
17.3127	268435456	2.3666e-15	128	0.351203	0.55897	2.14577e-06	9.53674e-07	0.605245	0.123883	0.462774
17.4917	268435456	2.3666e-15	128	0.269916	0.620363	5.00679e-06	1.19209e-06	0.619121	0.131079	0.446838
16.8828	268435456	2.3666e-15	128	0.308458	0.662431	1.09673e-05	5.96046e-06	0.608616	0.134485	0.450633
18.2712	268435456	2.3666e-15	128	0.24091	0.589681	0	4.05312e-06	0.594764	0.11483	0.467314
17.8966	268435456	2.3666e-15	128	0.272729	0.618308	3.8147e-06	4.05312e-06	0.586984	0.125034	0.452016
17.9812	268435456	2.3666e-15	128	0.294288	0.547998	5.96046e-06	2.14577e-06	0.603414	0.126794	0.450144
17.9063	268435456	2.3666e-15	128	0.299161	0.564795	1.00136e-05	5.00679e-06	0.595903	0.126175	0.460022
18.0308	268435456	2.3666e-15	128	0.243991	0.606398	2.14577e-06	1.19209e-06	0.620311	0.121334	0.459261
18.4794	268435456	2.3666e-15	128	0.252044	0.577126	9.53674e-07	9.53674e-07	0.596774	0.120109	0.456647
17.8045	268435456	2.3666e-15	128	0.219515	0.657194	2.86102e-06	9.53674e-07	0.610647	0.126088	0.454086
17.4726	268435456	2.3666e-15	128	0.258354	0.652991	5.00679e-06	2.14577e-06	0.611078	0.122843	0.458634
17.6005	268435456	2.3666e-15	128	0.301466	0.583593	5.00679e-06	2.14577e-06	0.618706	0.110858	0.465056
17.8551	268435456	2.3666e-15	128	0.24299	0.628212	3.09944e-06	9.53674e-07	0.599678	0.101656	0.474081
17.5412	268435456	2.3666e-15	128	0.242091	0.664585	5.00679e-06	1.19209e-06	0.614522	0.131784	0.449141
17.7047	268435456	2.3666e-15	128	0.301246	0.585014	5.96046e-06	2.86102e-06	0.611753	0.133354	0.444529
18.2337	268435456	2.3666e-15	128	0.231548	0.595784	3.09944e-06	9.53674e-07	0.599276	0.123836	0.451265
17.9828	268435456	2.3666e-15	128	0.254527	0.624671	9.05991e-06	3.09944e-06	0.596895	0.125204	0.450933
18.1179	268435456	2.3666e-15	128	0.287876	0.548004	2.86102e-06	9.53674e-07	0.609626	0.111873	0.466988
19.0822	268435456	2.3666e-15	128	0.132847	0.644461	5.00679e-06	9.53674e-07	0.607648	0.073328	0.502558
16.9646	268435456	2.3666e-15	128	0.29558	0.695646	2.14577e-06	9.53674e-07	0.621004	0.121921	0.463422
18.3366	268435456	2.3666e-15	128	0.171835	0.64025	3.09944e-06	9.53674e-07	0.618239	0.0604589	0.519314
18.736	268435456	2.3666e-15	128	0.134307	0.681411	3.8147e-06	9.53674e-07	0.605899	0.0785639	0.495235
17.2172	268435456	2.3666e-15	128	0.276706	0.667066	8.10623e-06	9.53674e-07	0.610724	0.123809	0.456566
17.9517	268435456	2.3666e-15	128	0.309944	0.577657	2.86102e-06	3.09944e-06	0.597968	0.132146	0.44888
17.7392	268435456	2.3666e-15	128	0.326514	0.536364	5.00679e-06	9.53674e-07	0.636341	0.0511169	0.533562
18.3293	268435456	2.3666e-15	128	0.200491	0.606797	9.53674e-07	1.90735e-06	0.614074	0.109164	0.473179
17.6848	268435456	2.3666e-15	128	0.281221	0.602705	2.86102e-06	9.53674e-07	0.597432	0.118748	0.463464
18.0118	268435456	2.3666e-15	128	0.28051	0.560868	9.53674e-07	9.53674e-07	0.605628	0.129613	0.446402
18.9197	268435456	2.3666e-15	128	0.134486	0.660611	3.09944e-06	9.53674e-07	0.59863	0.0948639	0.489504
17.8462	268435456	2.3666e-15	128	0.338062	0.510068	3.09944e-06	1.19209e-06	0.604911	0.123007	0.458765
17.8263	268435456	2.3666e-15	128	0.267821	0.602804	4.05312e-06	2.14577e-06	0.602874	0.128894	0.449048
18.0946	268435456	2.3666e-15	128	0.239209	0.620347	4.76837e-06	1.19209e-06	0.603396	0.127956	0.454798
18.0974	268435456	2.3666e-15	128	0.256744	0.585845	2.86102e-06	4.05312e-06	0.604574	0.117915	0.460985
18.0518	268435456	2.3666e-15	128	0.231371	0.623168	1.90735e-06	3.09944e-06	0.600444	0.124633	0.458374
18.017	268435456	2.3666e-15	128	0.241847	0.630358	3.8147e-06	5.00679e-06	0.589246	0.119269	0.455812
18.3179	268435456	2.3666e-15	128	0.171078	0.673183	2.86102e-06	3.09944e-06	0.597188	0.0636661	0.513937
17.9326	268435456	2.3666e-15	128	0.229968	0.632358	4.05312e-06	9.53674e-07	0.594696	0.123796	0.454444
17.9264	268435456	2.3666e-15	128	0.246715	0.616858	5.00679e-06	2.14577e-06	0.596352	0.12683	0.453735
17.8603	268435456	2.3666e-15	128	0.258507	0.622703	4.76837e-06	3.09944e-06	0.594817	0.135768	0.443987
17.6577	268435456	2.3666e-15	128	0.290301	0.596358	3.09944e-06	3.09944e-06	0.601313	0.144409	0.433278
18.2415	268435456	2.3666e-15	128	0.219773	0.617731	6.91414e-06	9.53674e-07	0.603015	0.119941	0.454607
17.914	268435456	2.3666e-15	128	0.275333	0.591406	3.8147e-06	2.14577e-06	0.600371	0.132786	0.446145
17.9281	268435456	2.3666e-15	128	0.244028	0.615274	1.90735e-06	9.53674e-07	0.606143	0.123682	0.458708
18.1254	268435456	2.3666e-15	128	0.238998	0.601172	1.90735e-06	2.14577e-06	0.600373	0.115691	0.458146
17.6984	268435456	2.3666e-15	128	0.27756	0.617065	8.10623e-06	3.09944e-06	0.5995	0.137433	0.436648
17.7707	268435456	2.3666e-15	128	0.281973	0.642877	2.14577e-06	1.90735e-06	0.598237	0.124255	0.45081
17.7279	268435456	2.3666e-15	128	0.242379	0.627779	4.05312e-06	9.53674e-07	0.610503	0.102287	0.477124
18.0357	268435456	2.3666e-15	128	0.271312	0.578513	1.90735e-06	9.53674e-07	0.603659	0.116729	0.46286
17.62	268435456	2.3666e-15	128	0.30575	0.58345	5.96046e-06	3.09944e-06	0.607046	0.120251	0.454291
18.2629	268435456	2.3666e-15	128	0.233294	0.597988	5.00679e-06	9.53674e-07	0.603825	0.113245	0.468281
17.9278	268435456	2.3666e-15	128	0.291461	0.561474	1.90735e-06	9.53674e-07	0.600258	0.131337	0.445076
18.6982	268435456	2.3666e-15	128	0.169467	0.626586	3.09944e-06	3.09944e-06	0.59443	0.0994658	0.484012
17.6503	268435456	2.3666e-15	128	0.281883	0.605744	5.96046e-06	4.05312e-06	0.599694	0.131542	0.45216
17.9366	268435456	2.3666e-15	128	0.165338	0.719389	3.09944e-06	1.90735e-06	0.613415	0.0876961	0.495698
18.613	268435456	2.3666e-15	128	0.156662	0.655428	1.90735e-06	2.86102e-06	0.60828	0.0997078	0.484349
18.3947	268435456	2.3666e-15	128	0.157591	0.683234	1.19209e-06	1.90735e-06	0.61193	0.0991321	0.480269
17.4295	268435456	2.3666e-15	128	0.286308	0.626218	4.05312e-06	9.53674e-07	0.609683	0.117765	0.468721
17.751	268435456	2.3666e-15	128	0.250106	0.617545	1.90735e-06	9.53674e-07	0.60838	0.12418	0.457108
18.8868	268435456	2.3666e-15	128	0.133745	0.659969	4.76837e-06	9.53674e-07	0.606707	0.0781281	0.501615
18.3235	268435456	2.3666e-15	128	0.217009	0.598645	3.09944e-06	9.53674e-07	0.60092	0.123911	0.452604
17.4113	268435456	2.3666e-15	128	0.184602	0.740091	0	9.53674e-07	0.608789	0.107187	0.488639
17.8267	268435456	2.3666e-15	128	0.307682	0.563109	5.00679e-06	1.19209e-06	0.596436	0.141648	0.434955
18.3115	268435456	2.3666e-15	128	0.20553	0.617052	4.05312e-06	9.53674e-07	0.612117	0.0910521	0.484404
17.8646	268435456	2.3666e-15	128	0.307649	0.550868	5.00679e-06	3.09944e-06	0.600157	0.133163	0.447241
18.1096	268435456	2.3666e-15	128	0.248578	0.605582	4.05312e-06	3.09944e-06	0.602936	0.117102	0.463597
17.7184	268435456	2.3666e-15	128	0.293602	0.59927	5.96046e-06	9.53674e-07	0.599947	0.138919	0.444316
18.337	268435456	2.3666e-15	128	0.194356	0.638177	4.05312e-06	9.53674e-07	0.607608	0.0980699	0.479222
18.2493	268435456	2.3666e-15	128	0.246673	0.591792	1.90735e-06	3.09944e-06	0.596614	0.121832	0.459927
19.2392	268435456	2.3666e-15	128	0.155889	0.612506	1.90735e-06	1.90735e-06	0.597848	0.102	0.47489
18.0621	268435456	2.3666e-15	128	0.305895	0.556984	7.15256e-06	9.53674e-07	0.600844	0.132496	0.444657
17.8884	268435456	2.3666e-15	128	0.161634	0.705901	9.53674e-07	9.53674e-07	0.616135	0.0725181	0.512227
17.7249	268435456	2.3666e-15	128	0.289452	0.571294	3.09944e-06	1.19209e-06	0.629174	0.0885999	0.493695
17.4654	268435456	2.3666e-15	128	0.29352	0.600997	3.09944e-06	4.05312e-06	0.60344	0.122507	0.459341
18.0867	268435456	2.3666e-15	128	0.280625	0.563987	3.09944e-06	9.53674e-07	0.603621	0.117942	0.460163
17.9839	268435456	2.3666e-15	128	0.23019	0.641826	2.14577e-06	9.53674e-07	0.599402	0.123458	0.453363
18.8939	268435456	2.3666e-15	128	0.138017	0.666872	2.86102e-06	1.90735e-06	0.590813	0.108976	0.469295
18.135	268435456	2.3666e-15	128	0.270887	0.586601	0	1.90735e-06	0.590224	0.11509	0.464842
18.8357	268435456	2.3666e-15	128	0.159078	0.64323	2.86102e-06	6.91414e-06	0.602896	0.0940189	0.480216
17.9694	268435456	2.3666e-15	128	0.298279	0.572612	5.96046e-06	2.14577e-06	0.5953	0.134244	0.446573
17.861	268435456	2.3666e-15	128	0.283023	0.616872	1.90735e-06	1.90735e-06	0.594024	0.106172	0.469746
17.5929	268435456	2.3666e-15	128	0.325099	0.593719	9.53674e-07	9.53674e-07	0.618893	0.105079	0.474479
18.3263	268435456	2.3666e-15	128	0.19936	0.643126	1.90735e-06	5.96046e-06	0.596257	0.102244	0.474857
17.6603	268435456	2.3666e-15	128	0.27508	0.609001	5.00679e-06	1.90735e-06	0.616971	0.10676	0.470335
17.4563	268435456	2.3666e-15	128	0.319006	0.571541	6.91414e-06	9.53674e-07	0.615113	0.12361	0.456468
18.0075	268435456	2.3666e-15	128	0.20453	0.655583	3.09944e-06	2.86102e-06	0.603378	0.10155	0.47309
17.7185	268435456	2.3666e-15	128	0.357488	0.569292	9.53674e-07	2.14577e-06	0.600521	0.109503	0.465484
18.335	268435456	2.3666e-15	128	0.173511	0.65535	2.86102e-06	2.14577e-06	0.624482	0.099632	0.482022
18.3319	268435456	2.3666e-15	128	0.16415	0.670094	1.90735e-06	2.14577e-06	0.621592	0.053678	0.52907
17.7771	268435456	2.3666e-15	128	0.238205	0.625838	8.10623e-06	5.00679e-06	0.597539	0.123811	0.455444
18.3275	268435456	2.3666e-15	128	0.263097	0.551669	1.28746e-05	9.53674e-07	0.600798	0.111125	0.466227
18.0244	268435456	2.3666e-15	128	0.263702	0.567463	1.19209e-06	9.53674e-07	0.599677	0.134612	0.45251
17.9401	268435456	2.3666e-15	128	0.293782	0.593777	2.14577e-06	2.14577e-06	0.584765	0.122505	0.454452
