MPIFFT_Gflops	MPIFFT_N	MPIFFT_maxErr	MPIFFT_Procs	MPIFFT_time4	MPIFFT_time5	MPIFFT_time6	MPIFFT_time0	MPIFFT_time1	MPIFFT_time2	MPIFFT_time3
17.5152	268435456	2.3666e-15	128	0.180176	0.6794	2.86102e-06	3.09944e-06	0.64336	0.0962002	0.496161
18.8304	268435456	2.3666e-15	128	0.146399	0.649007	2.14577e-06	3.09944e-06	0.60823	0.114434	0.464106
16.8859	268435456	2.3666e-15	128	0.397804	0.547617	1.90735e-06	9.53674e-07	0.61181	0.159456	0.436525
18.5731	268435456	2.3666e-15	128	0.187558	0.630256	3.09944e-06	9.53674e-07	0.598716	0.118105	0.467263
17.81	268435456	2.3666e-15	128	0.286566	0.577314	1.09673e-05	2.14577e-06	0.609294	0.12746	0.450556
17.3079	268435456	2.3666e-15	128	0.374917	0.537586	4.05312e-06	1.90735e-06	0.604971	0.12681	0.457307
17.6965	268435456	2.3666e-15	128	0.231334	0.627958	4.05312e-06	2.14577e-06	0.619891	0.134656	0.445089
18.4175	268435456	2.3666e-15	128	0.16906	0.665855	1.90735e-06	1.90735e-06	0.601326	0.118151	0.465074
18.1424	268435456	2.3666e-15	128	0.30376	0.538549	3.8147e-06	1.90735e-06	0.592271	0.129922	0.448751
18.0602	268435456	2.3666e-15	128	0.247411	0.598826	7.15256e-06	5.00679e-06	0.614045	0.125268	0.452425
18.1448	268435456	2.3666e-15	128	0.119683	0.731172	1.90735e-06	9.53674e-07	0.622689	0.0550311	0.522854
17.5565	268435456	2.3666e-15	128	0.236951	0.674563	7.15256e-06	5.96046e-06	0.602766	0.124281	0.454515
18.248	268435456	2.3666e-15	128	0.241114	0.603751	2.14577e-06	9.53674e-07	0.59626	0.125398	0.450964
18.0265	268435456	2.3666e-15	128	0.328755	0.550786	1.19209e-06	9.53674e-07	0.610811	0.122572	0.45388
17.8341	268435456	2.3666e-15	128	0.332932	0.522044	1.09673e-05	2.86102e-06	0.604087	0.13073	0.449118
17.6202	268435456	2.3666e-15	128	0.283325	0.60467	5.96046e-06	5.00679e-06	0.60399	0.125355	0.458113
18.2326	268435456	2.3666e-15	128	0.24366	0.577503	4.05312e-06	1.19209e-06	0.610206	0.134432	0.446881
18.201	268435456	2.3666e-15	128	0.159414	0.69763	1.90735e-06	2.86102e-06	0.608291	0.111305	0.471951
17.8966	268435456	2.3666e-15	128	0.295196	0.570533	9.05991e-06	8.10623e-06	0.593115	0.13954	0.436346
18.3453	268435456	2.3666e-15	128	0.22451	0.615154	3.8147e-06	3.09944e-06	0.597184	0.118344	0.465351
18.0238	268435456	2.3666e-15	128	0.262906	0.593343	9.53674e-07	1.90735e-06	0.600264	0.134319	0.438419
18.0696	268435456	2.3666e-15	128	0.230348	0.632618	2.14577e-06	9.53674e-07	0.600233	0.115927	0.46409
17.6379	268435456	2.3666e-15	128	0.309071	0.589998	4.05312e-06	2.14577e-06	0.604347	0.128104	0.456252
18.6848	268435456	2.3666e-15	128	0.160246	0.631029	4.05312e-06	2.14577e-06	0.618192	0.098418	0.478562
18.3675	268435456	2.3666e-15	128	0.206989	0.620694	2.86102e-06	3.8147e-06	0.600782	0.102374	0.483702
18.3394	268435456	2.3666e-15	128	0.190856	0.656994	5.96046e-06	1.19209e-06	0.59851	0.11954	0.458389
17.2512	268435456	2.3666e-15	128	0.297746	0.629691	9.53674e-07	1.90735e-06	0.614067	0.134957	0.452715
18.8642	268435456	2.3666e-15	128	0.135393	0.646437	2.14577e-06	2.14577e-06	0.62473	0.0763252	0.500632
17.7044	268435456	2.3666e-15	128	0.244239	0.645473	4.05312e-06	9.53674e-07	0.608288	0.120843	0.459447
18.1391	268435456	2.3666e-15	128	0.268512	0.586029	4.05312e-06	1.90735e-06	0.596976	0.131559	0.447934
18.1424	268435456	2.3666e-15	128	0.210656	0.628531	2.14577e-06	3.09944e-06	0.609599	0.121612	0.458086
17.7556	268435456	2.3666e-15	128	0.324108	0.541901	2.14577e-06	9.53674e-07	0.611774	0.125758	0.457856
17.2811	268435456	2.3666e-15	128	0.361147	0.529004	1.09673e-05	9.53674e-07	0.614478	0.135083	0.458951
17.3973	268435456	2.3666e-15	128	0.276194	0.61701	1.19209e-06	1.19209e-06	0.621669	0.117437	0.46954
18.3781	268435456	2.3666e-15	128	0.296369	0.529925	6.91414e-06	1.90735e-06	0.592563	0.139961	0.437327
17.6452	268435456	2.3666e-15	128	0.132649	0.743236	5.96046e-06	9.53674e-07	0.639887	0.0554609	0.529619
17.8343	268435456	2.3666e-15	128	0.34172	0.521615	5.00679e-06	2.14577e-06	0.602754	0.125715	0.457572
17.7136	268435456	2.3666e-15	128	0.215021	0.69281	4.05312e-06	2.14577e-06	0.591365	0.130268	0.442776
18.0354	268435456	2.3666e-15	128	0.313401	0.530844	7.15256e-06	5.00679e-06	0.600149	0.139358	0.441992
17.634	268435456	2.3666e-15	128	0.338626	0.574043	9.53674e-07	9.53674e-07	0.618507	0.110054	0.473725
17.3572	268435456	2.3666e-15	128	0.368124	0.586193	9.53674e-07	1.19209e-06	0.606159	0.149662	0.434458
17.4856	268435456	2.3666e-15	128	0.289295	0.5989	9.53674e-07	9.53674e-07	0.621958	0.117748	0.456965
17.5537	268435456	2.3666e-15	128	0.365565	0.526665	1.19209e-06	2.86102e-06	0.602524	0.137896	0.437401
17.9166	268435456	2.3666e-15	128	0.259232	0.600307	4.05312e-06	2.14577e-06	0.605342	0.111584	0.47046
17.4102	268435456	2.3666e-15	128	0.303445	0.655561	2.14577e-06	2.86102e-06	0.602825	0.119423	0.4602
18.1629	268435456	2.3666e-15	128	0.232279	0.610907	4.05312e-06	9.53674e-07	0.597567	0.134188	0.444595
18.5488	268435456	2.3666e-15	128	0.18838	0.637289	4.05312e-06	2.86102e-06	0.602416	0.117773	0.453106
17.8717	268435456	2.3666e-15	128	0.341922	0.526053	1.19209e-06	1.19209e-06	0.599723	0.118556	0.458016
18.8193	268435456	2.3666e-15	128	0.15176	0.645371	1.90735e-06	0	0.601102	0.120751	0.456759
17.9159	268435456	2.3666e-15	128	0.260503	0.606437	5.00679e-06	9.53674e-07	0.610561	0.119207	0.456458
17.94	268435456	2.3666e-15	128	0.284437	0.608843	2.86102e-06	4.05312e-06	0.597457	0.123478	0.450987
17.5149	268435456	2.3666e-15	128	0.30477	0.633544	2.14577e-06	1.19209e-06	0.609941	0.125149	0.45619
18.4495	268435456	2.3666e-15	128	0.177266	0.652279	3.09944e-06	9.53674e-07	0.605281	0.117956	0.459194
18.1975	268435456	2.3666e-15	128	0.189966	0.631215	1.90735e-06	9.53674e-07	0.622876	0.108304	0.468359
17.6164	268435456	2.3666e-15	128	0.24226	0.642469	6.91414e-06	1.19209e-06	0.628816	0.095746	0.486149
18.5207	268435456	2.3666e-15	128	0.17084	0.656937	2.86102e-06	9.53674e-07	0.605347	0.110242	0.466394
17.647	268435456	2.3666e-15	128	0.322379	0.554532	5.96046e-06	9.53674e-07	0.607038	0.1285	0.453239
17.9404	268435456	2.3666e-15	128	0.221107	0.640161	3.8147e-06	1.90735e-06	0.598588	0.124695	0.456804
17.7909	268435456	2.3666e-15	128	0.200062	0.668801	3.8147e-06	9.53674e-07	0.622265	0.112973	0.468552
18.6851	268435456	2.3666e-15	128	0.14406	0.667324	9.53674e-07	9.53674e-07	0.606213	0.070904	0.508259
17.7961	268435456	2.3666e-15	128	0.289935	0.55236	6.19888e-06	9.53674e-07	0.609057	0.145629	0.438697
18.0445	268435456	2.3666e-15	128	0.269492	0.586735	0	1.90735e-06	0.61047	0.134054	0.448976
18.4349	268435456	2.3666e-15	128	0.139125	0.678461	2.14577e-06	9.53674e-07	0.623034	0.052284	0.527422
17.4044	268435456	2.3666e-15	128	0.339158	0.605141	9.53674e-07	9.53674e-07	0.606436	0.130344	0.456889
18.5935	268435456	2.3666e-15	128	0.191463	0.620396	9.53674e-07	3.8147e-06	0.599788	0.117412	0.466122
17.6421	268435456	2.3666e-15	128	0.264039	0.640639	7.15256e-06	2.14577e-06	0.606941	0.134058	0.445035
17.3519	268435456	2.3666e-15	128	0.313541	0.583912	3.8147e-06	9.53674e-07	0.611752	0.137522	0.442019
17.9808	268435456	2.3666e-15	128	0.256412	0.595222	7.15256e-06	3.09944e-06	0.594196	0.122546	0.458161
18.4455	268435456	2.3666e-15	128	0.165709	0.653642	5.00679e-06	1.90735e-06	0.611613	0.111949	0.475089
17.521	268435456	2.3666e-15	128	0.336499	0.562683	4.76837e-06	1.90735e-06	0.602602	0.133618	0.448076
18.1494	268435456	2.3666e-15	128	0.129419	0.699303	1.90735e-06	0	0.63168	0.0533149	0.530328
17.5579	268435456	2.3666e-15	128	0.205833	0.690798	1.90735e-06	3.09944e-06	0.607885	0.111997	0.470701
17.8692	268435456	2.3666e-15	128	0.260036	0.61857	5.00679e-06	1.90735e-06	0.60658	0.143678	0.437143
17.7653	268435456	2.3666e-15	128	0.236717	0.622196	4.05312e-06	2.14577e-06	0.613762	0.123039	0.459959
17.1877	268435456	2.3666e-15	128	0.389368	0.545612	9.53674e-07	2.14577e-06	0.602331	0.132701	0.447667
18.1179	268435456	2.3666e-15	128	0.277033	0.558088	5.00679e-06	9.53674e-07	0.600682	0.11912	0.456694
18.2491	268435456	2.3666e-15	128	0.227519	0.604195	1.90735e-06	1.90735e-06	0.599071	0.12247	0.45135
18.0675	268435456	2.3666e-15	128	0.304535	0.543505	5.96046e-06	1.90735e-06	0.595343	0.136976	0.443093
18.4591	268435456	2.3666e-15	128	0.236585	0.599565	3.09944e-06	9.53674e-07	0.591897	0.113033	0.463968
18.3513	268435456	2.3666e-15	128	0.15792	0.678245	9.53674e-07	1.90735e-06	0.615688	0.106596	0.473233
17.2199	268435456	2.3666e-15	128	0.275244	0.672109	4.05312e-06	9.53674e-07	0.595988	0.118684	0.464876
18.3271	268435456	2.3666e-15	128	0.213603	0.607239	9.53674e-07	3.09944e-06	0.59984	0.119585	0.459904
18.2593	268435456	2.3666e-15	128	0.22235	0.603531	0	4.05312e-06	0.611582	0.114833	0.468644
18.2054	268435456	2.3666e-15	128	0.280304	0.545926	1.00136e-05	9.53674e-07	0.5973	0.118328	0.459895
17.2725	268435456	2.3666e-15	128	0.344143	0.584261	9.53674e-07	2.14577e-06	0.598415	0.127344	0.45864
18.7135	268435456	2.3666e-15	128	0.181664	0.6243	3.09944e-06	3.09944e-06	0.613824	0.0985031	0.473888
16.7938	268435456	2.3666e-15	128	0.356409	0.616996	5.96046e-06	9.53674e-07	0.613278	0.134714	0.446025
18.1176	268435456	2.3666e-15	128	0.241325	0.583653	1.90735e-06	1.90735e-06	0.638019	0.0692241	0.500532
18.4378	268435456	2.3666e-15	128	0.233278	0.585771	4.05312e-06	9.53674e-07	0.591488	0.118788	0.463023
17.1571	268435456	2.3666e-15	128	0.142349	0.794386	2.86102e-06	0	0.637801	0.0586259	0.526543
18.1489	268435456	2.3666e-15	128	0.255364	0.598457	5.00679e-06	5.00679e-06	0.595758	0.124295	0.452096
17.3723	268435456	2.3666e-15	128	0.304796	0.600155	5.00679e-06	9.53674e-07	0.616821	0.127169	0.454393
18.3166	268435456	2.3666e-15	128	0.144824	0.660098	1.19209e-06	9.53674e-07	0.625061	0.0648959	0.523045
17.5894	268435456	2.3666e-15	128	0.26153	0.636774	1.09673e-05	1.90735e-06	0.614703	0.134195	0.447631
18.0671	268435456	2.3666e-15	128	0.224347	0.6206	1.90735e-06	1.19209e-06	0.606635	0.136008	0.445667
17.9375	268435456	2.3666e-15	128	0.241306	0.616266	5.00679e-06	2.14577e-06	0.60095	0.137699	0.438223
18.1044	268435456	2.3666e-15	128	0.314869	0.531333	6.19888e-06	9.53674e-07	0.603182	0.128425	0.448424
17.1749	268435456	2.3666e-15	128	0.26517	0.66533	7.86781e-06	2.86102e-06	0.60174	0.119262	0.46891
17.7123	268435456	2.3666e-15	128	0.30363	0.570092	2.14577e-06	9.53674e-07	0.618242	0.108801	0.471524
17.6719	268435456	2.3666e-15	128	0.294838	0.582085	5.00679e-06	1.90735e-06	0.610763	0.135118	0.443415
17.6524	268435456	2.3666e-15	128	0.329109	0.562665	9.05991e-06	4.76837e-06	0.596927	0.123653	0.459665
18.0872	268435456	2.3666e-15	128	0.286721	0.57104	5.00679e-06	1.90735e-06	0.588547	0.124759	0.451747
18.7709	268435456	2.3666e-15	128	0.167035	0.636895	2.14577e-06	1.90735e-06	0.597685	0.069484	0.502549
18.6413	268435456	2.3666e-15	128	0.153204	0.665083	2.14577e-06	9.53674e-07	0.606542	0.100491	0.480313
18.9898	268435456	2.3666e-15	128	0.150569	0.634031	5.00679e-06	1.19209e-06	0.608302	0.061769	0.512384
17.7082	268435456	2.3666e-15	128	0.279205	0.594355	4.05312e-06	1.90735e-06	0.619409	0.13028	0.443369
17.4191	268435456	2.3666e-15	128	0.348904	0.554726	2.14577e-06	2.14577e-06	0.614296	0.12147	0.451072
17.443	268435456	2.3666e-15	128	0.286811	0.661317	1.90735e-06	1.19209e-06	0.60456	0.13823	0.441529
17.463	268435456	2.3666e-15	128	0.243843	0.68484	9.53674e-07	9.53674e-07	0.621455	0.121223	0.464034
17.4158	268435456	2.3666e-15	128	0.247986	0.669337	3.09944e-06	9.53674e-07	0.608142	0.115057	0.463002
18.4162	268435456	2.3666e-15	128	0.150036	0.696304	4.05312e-06	2.14577e-06	0.597918	0.0969558	0.483082
18.1118	268435456	2.3666e-15	128	0.301813	0.549293	8.10623e-06	3.09944e-06	0.607785	0.1132	0.457892
18.063	268435456	2.3666e-15	128	0.192277	0.655305	3.09944e-06	2.14577e-06	0.616162	0.12418	0.458161
18.0738	268435456	2.3666e-15	128	0.199391	0.642195	3.09944e-06	9.53674e-07	0.624028	0.098001	0.490054
18.3245	268435456	2.3666e-15	128	0.268207	0.553168	9.53674e-07	5.00679e-06	0.595816	0.122184	0.45822
17.8433	268435456	2.3666e-15	128	0.291345	0.576699	5.00679e-06	1.19209e-06	0.592172	0.138993	0.437915
18.2914	268435456	2.3666e-15	128	0.184699	0.642748	1.90735e-06	2.14577e-06	0.617714	0.104706	0.472238
18.2226	268435456	2.3666e-15	128	0.230508	0.617334	9.53674e-07	9.53674e-07	0.604257	0.117336	0.457521
18.0524	268435456	2.3666e-15	128	0.240081	0.601435	3.09944e-06	9.53674e-07	0.614377	0.125913	0.446992
18.3375	268435456	2.3666e-15	128	0.131235	0.691921	2.14577e-06	9.53674e-07	0.634303	0.0552249	0.524381
17.7131	268435456	2.3666e-15	128	0.243209	0.641943	2.14577e-06	3.09944e-06	0.606071	0.123249	0.455121
17.3128	268435456	2.3666e-15	128	0.272102	0.643502	5.00679e-06	2.14577e-06	0.622986	0.11105	0.470118
18.2203	268435456	2.3666e-15	128	0.205301	0.625598	5.00679e-06	0	0.605846	0.0958731	0.485935
18.2415	268435456	2.3666e-15	128	0.284842	0.554681	2.86102e-06	2.14577e-06	0.597786	0.125416	0.453455
18.1273	268435456	2.3666e-15	128	0.104262	0.742722	0	9.53674e-07	0.63697	0.0522649	0.523568
17.3586	268435456	2.3666e-15	128	0.255808	0.646011	3.09944e-06	9.53674e-07	0.627772	0.0881031	0.507703
18.2091	268435456	2.3666e-15	128	0.252418	0.577347	3.09944e-06	1.90735e-06	0.603021	0.122233	0.452436
17.7395	268435456	2.3666e-15	128	0.254303	0.623197	4.05312e-06	9.53674e-07	0.612353	0.115417	0.464655
17.7959	268435456	2.3666e-15	128	0.364757	0.504501	1.90735e-06	1.90735e-06	0.600731	0.143253	0.43006
17.6858	268435456	2.3666e-15	128	0.275972	0.613629	1.90735e-06	1.90735e-06	0.607763	0.130747	0.450175
17.9316	268435456	2.3666e-15	128	0.145267	0.723559	5.00679e-06	9.53674e-07	0.635725	0.067966	0.511971
17.7593	268435456	2.3666e-15	128	0.237091	0.630239	8.10623e-06	9.53674e-07	0.604534	0.11624	0.464319
17.7297	268435456	2.3666e-15	128	0.145171	0.758179	5.96046e-06	9.53674e-07	0.619553	0.0691419	0.511078
18.1953	268435456	2.3666e-15	128	0.227566	0.610917	5.00679e-06	1.90735e-06	0.608046	0.121589	0.462104
18.1904	268435456	2.3666e-15	128	0.135495	0.725902	1.90735e-06	9.53674e-07	0.607407	0.086797	0.495867
18.3498	268435456	2.3666e-15	128	0.157375	0.671832	1.90735e-06	9.53674e-07	0.62149	0.103597	0.475144
17.9283	268435456	2.3666e-15	128	0.272576	0.587034	5.00679e-06	2.14577e-06	0.60007	0.126813	0.454773
17.3393	268435456	2.3666e-15	128	0.231081	0.66947	5.00679e-06	9.53674e-07	0.613942	0.1277	0.463119
18.3228	268435456	2.3666e-15	128	0.161578	0.686869	2.86102e-06	1.90735e-06	0.610742	0.09429	0.483843
18.1764	268435456	2.3666e-15	128	0.236763	0.587187	5.00679e-06	1.90735e-06	0.617468	0.093102	0.480356
18.8135	268435456	2.3666e-15	128	0.136375	0.647158	2.86102e-06	9.53674e-07	0.620953	0.0513718	0.532298
17.6599	268435456	2.3666e-15	128	0.267268	0.607205	3.09944e-06	1.90735e-06	0.609673	0.123857	0.458649
17.7263	268435456	2.3666e-15	128	0.270534	0.639287	3.8147e-06	5.00679e-06	0.595308	0.138539	0.437352
17.7825	268435456	2.3666e-15	128	0.245289	0.626702	5.00679e-06	2.14577e-06	0.610515	0.119442	0.460606
17.2013	268435456	2.3666e-15	128	0.25601	0.695092	7.15256e-06	2.86102e-06	0.600967	0.116653	0.459567
18.2336	268435456	2.3666e-15	128	0.306415	0.516074	4.05312e-06	1.90735e-06	0.607744	0.121622	0.451965
18.5918	268435456	2.3666e-15	128	0.119142	0.672061	3.09944e-06	9.53674e-07	0.630167	0.0558012	0.522495
18.0705	268435456	2.3666e-15	128	0.303476	0.59205	9.53674e-07	5.96046e-06	0.589581	0.121079	0.455
18.6854	268435456	2.3666e-15	128	0.174798	0.640054	4.05312e-06	2.14577e-06	0.599728	0.103582	0.474578
18.7847	268435456	2.3666e-15	128	0.173754	0.630038	9.53674e-07	9.53674e-07	0.602596	0.10627	0.470435
18.5396	268435456	2.3666e-15	128	0.137669	0.700963	2.14577e-06	9.53674e-07	0.595608	0.0816281	0.50259
18.7238	268435456	2.3666e-15	128	0.130647	0.675707	1.90735e-06	1.19209e-06	0.606166	0.0524099	0.531838
17.7615	268435456	2.3666e-15	128	0.267655	0.594152	1.90735e-06	6.91414e-06	0.616321	0.108719	0.466445
17.7191	268435456	2.3666e-15	128	0.182234	0.700136	2.14577e-06	2.86102e-06	0.628327	0.102563	0.482832
18.5845	268435456	2.3666e-15	128	0.168654	0.649211	3.09944e-06	1.90735e-06	0.607058	0.054996	0.523648
17.8169	268435456	2.3666e-15	128	0.273162	0.593388	3.09944e-06	1.19209e-06	0.605343	0.132217	0.443755
18.3442	268435456	2.3666e-15	128	0.222336	0.599289	2.86102e-06	9.53674e-07	0.600154	0.124917	0.450827
18.9741	268435456	2.3666e-15	128	0.163668	0.634419	1.19209e-06	1.19209e-06	0.594444	0.105046	0.467781
17.5253	268435456	2.3666e-15	128	0.288036	0.615154	5.96046e-06	2.14577e-06	0.609143	0.114675	0.463447
18.6212	268435456	2.3666e-15	128	0.147926	0.68671	3.09944e-06	2.14577e-06	0.594014	0.099699	0.473126
17.0692	268435456	2.3666e-15	128	0.273244	0.693643	4.05312e-06	3.09944e-06	0.607176	0.114793	0.467244
17.7977	268435456	2.3666e-15	128	0.273751	0.595952	6.91414e-06	3.09944e-06	0.597213	0.138943	0.442961
17.5688	268435456	2.3666e-15	128	0.227552	0.67139	6.91414e-06	2.14577e-06	0.606108	0.118805	0.458028
18.2932	268435456	2.3666e-15	128	0.272597	0.560114	2.86102e-06	1.90735e-06	0.590853	0.131866	0.447419
18.4166	268435456	2.3666e-15	128	0.175918	0.663754	9.53674e-07	9.53674e-07	0.602427	0.0950491	0.482216
17.3432	268435456	2.3666e-15	128	0.274646	0.635115	0	1.90735e-06	0.60872	0.121859	0.461373
18.254	268435456	2.3666e-15	128	0.189359	0.621168	4.05312e-06	1.19209e-06	0.618435	0.0952449	0.484866
18.5766	268435456	2.3666e-15	128	0.13141	0.691934	4.05312e-06	9.53674e-07	0.611095	0.084239	0.496039
17.9145	268435456	2.3666e-15	128	0.218082	0.668293	5.00679e-06	2.14577e-06	0.600445	0.117868	0.468568
17.8181	268435456	2.3666e-15	128	0.155395	0.742645	1.19209e-06	4.05312e-06	0.60505	0.097954	0.489843
17.9785	268435456	2.3666e-15	128	0.267958	0.588464	5.00679e-06	7.15256e-06	0.598859	0.12577	0.451641
17.9923	268435456	2.3666e-15	128	0.281546	0.620489	9.53674e-07	9.53674e-07	0.595571	0.114248	0.460466
18.2467	268435456	2.3666e-15	128	0.235703	0.610556	5.00679e-06	1.90735e-06	0.58861	0.13253	0.442699
17.352	268435456	2.3666e-15	128	0.378762	0.511215	9.53674e-07	1.90735e-06	0.616697	0.143784	0.442891
18.5809	268435456	2.3666e-15	128	0.132263	0.693158	3.09944e-06	9.53674e-07	0.607047	0.0895519	0.486845
18.0854	268435456	2.3666e-15	128	0.230616	0.612922	4.76837e-06	9.53674e-07	0.610584	0.128092	0.445645
17.827	268435456	2.3666e-15	128	0.209884	0.665051	4.05312e-06	3.09944e-06	0.607351	0.115731	0.462222
18.1454	268435456	2.3666e-15	128	0.280051	0.561174	1.90735e-06	1.90735e-06	0.607216	0.112352	0.458815
18.2061	268435456	2.3666e-15	128	0.184495	0.680245	4.05312e-06	2.86102e-06	0.601032	0.106256	0.471635
18.1383	268435456	2.3666e-15	128	0.271377	0.589729	9.53674e-07	9.53674e-07	0.617286	0.102028	0.472621
18.0703	268435456	2.3666e-15	128	0.269482	0.588021	3.09944e-06	9.53674e-07	0.597956	0.125724	0.454385
17.6974	268435456	2.3666e-15	128	0.270136	0.612823	6.91414e-06	2.14577e-06	0.603501	0.129493	0.445272
18.4526	268435456	2.3666e-15	128	0.229162	0.588311	2.14577e-06	1.90735e-06	0.598272	0.134031	0.440792
18.1749	268435456	2.3666e-15	128	0.148943	0.693641	3.09944e-06	1.90735e-06	0.619852	0.0895431	0.490063
17.7864	268435456	2.3666e-15	128	0.320829	0.549438	1.90735e-06	1.90735e-06	0.59619	0.120182	0.457743
17.9727	268435456	2.3666e-15	128	0.22459	0.622419	3.09944e-06	3.09944e-06	0.615015	0.11942	0.45878
17.7865	268435456	2.3666e-15	128	0.249311	0.630732	8.10623e-06	9.53674e-07	0.612633	0.108885	0.466816
18.5812	268435456	2.3666e-15	128	0.207521	0.621108	4.05312e-06	5.96046e-06	0.594512	0.12546	0.449453
18.4484	268435456	2.3666e-15	128	0.214479	0.616549	4.05312e-06	1.90735e-06	0.604305	0.116132	0.463076
18.5354	268435456	2.3666e-15	128	0.174619	0.633862	2.86102e-06	9.53674e-07	0.609991	0.0550139	0.517074
18.0356	268435456	2.3666e-15	128	0.265976	0.600599	2.14577e-06	9.53674e-07	0.604791	0.126358	0.449922
17.3128	268435456	2.3666e-15	128	0.307884	0.63294	2.14577e-06	2.14577e-06	0.629506	0.1343	0.449693
18.4172	268435456	2.3666e-15	128	0.17318	0.661225	2.86102e-06	2.14577e-06	0.60294	0.107449	0.475925
17.4469	268435456	2.3666e-15	128	0.239369	0.698977	9.53674e-07	3.09944e-06	0.616195	0.0910611	0.489595
18.0753	268435456	2.3666e-15	128	0.26423	0.589415	2.86102e-06	1.90735e-06	0.610067	0.138133	0.434265
17.9473	268435456	2.3666e-15	128	0.237996	0.639843	9.53674e-07	9.53674e-07	0.61752	0.088048	0.492349
18.1763	268435456	2.3666e-15	128	0.171834	0.660357	4.05312e-06	9.53674e-07	0.612478	0.0853369	0.492105
17.8298	268435456	2.3666e-15	128	0.256475	0.626993	1.09673e-05	2.86102e-06	0.598576	0.113438	0.462968
18.3072	268435456	2.3666e-15	128	0.178608	0.66509	1.90735e-06	4.05312e-06	0.610885	0.097712	0.47777
17.7209	268435456	2.3666e-15	128	0.256867	0.621639	4.05312e-06	1.90735e-06	0.620561	0.124928	0.451899
17.982	268435456	2.3666e-15	128	0.319138	0.521042	2.86102e-06	1.19209e-06	0.603411	0.135356	0.441589
18.58	268435456	2.3666e-15	128	0.16451	0.659642	9.53674e-07	1.90735e-06	0.611676	0.102325	0.471225
17.9923	268435456	2.3666e-15	128	0.305469	0.545215	7.15256e-06	2.86102e-06	0.59534	0.124683	0.45023
18.0086	268435456	2.3666e-15	128	0.219865	0.628378	2.86102e-06	2.86102e-06	0.622385	0.130863	0.451762
17.8016	268435456	2.3666e-15	128	0.261247	0.620525	6.91414e-06	2.86102e-06	0.596556	0.124017	0.455984
18.1538	268435456	2.3666e-15	128	0.278365	0.601293	9.53674e-07	5.96046e-06	0.597805	0.091598	0.484254
17.8261	268435456	2.3666e-15	128	0.297299	0.582373	1.28746e-05	1.19209e-06	0.607645	0.114445	0.460533
17.9785	268435456	2.3666e-15	128	0.221523	0.63569	7.15256e-06	4.05312e-06	0.59929	0.11898	0.453654
17.5601	268435456	2.3666e-15	128	0.313704	0.609851	1.19209e-06	0	0.618511	0.114119	0.465381
17.4098	268435456	2.3666e-15	128	0.283626	0.640869	2.86102e-06	9.53674e-07	0.608555	0.117027	0.460251
18.0784	268435456	2.3666e-15	128	0.248597	0.589058	4.05312e-06	2.14577e-06	0.59418	0.115794	0.461823
16.9772	268435456	2.3666e-15	128	0.293318	0.646356	5.96046e-06	1.90735e-06	0.635601	0.126118	0.467266
17.9563	268435456	2.3666e-15	128	0.277872	0.61666	9.53674e-07	1.19209e-06	0.605379	0.121598	0.452423
17.3393	268435456	2.3666e-15	128	0.261977	0.677842	9.53674e-07	9.53674e-07	0.609831	0.12978	0.455549
18.0625	268435456	2.3666e-15	128	0.194037	0.651285	5.96046e-06	9.53674e-07	0.610373	0.100769	0.475072
17.9213	268435456	2.3666e-15	128	0.243761	0.600868	5.00679e-06	9.53674e-07	0.620062	0.104737	0.471918
17.4609	268435456	2.3666e-15	128	0.241763	0.661521	5.00679e-06	2.14577e-06	0.604774	0.118748	0.462089
18.247	268435456	2.3666e-15	128	0.241711	0.600383	1.19209e-06	2.86102e-06	0.593373	0.116555	0.455075
17.7651	268435456	2.3666e-15	128	0.281683	0.576136	5.00679e-06	9.53674e-07	0.608379	0.132062	0.45296
17.9863	268435456	2.3666e-15	128	0.310364	0.540764	4.05312e-06	1.90735e-06	0.601854	0.128148	0.453419
17.9001	268435456	2.3666e-15	128	0.251175	0.596076	5.96046e-06	4.05312e-06	0.613128	0.10358	0.47274
16.5762	268435456	2.3666e-15	128	0.369201	0.608462	3.8147e-06	1.19209e-06	0.639381	0.123553	0.464149
18.1345	268435456	2.3666e-15	128	0.252998	0.584317	2.14577e-06	9.53674e-07	0.597077	0.141241	0.439283
18.2922	268435456	2.3666e-15	128	0.234264	0.595821	9.05991e-06	9.53674e-07	0.600981	0.106591	0.465806
17.5782	268435456	2.3666e-15	128	0.251689	0.627258	5.00679e-06	9.53674e-07	0.623581	0.121476	0.458155
17.9008	268435456	2.3666e-15	128	0.234285	0.637215	3.09944e-06	1.90735e-06	0.595364	0.112252	0.470421
17.9459	268435456	2.3666e-15	128	0.18147	0.683206	2.86102e-06	2.14577e-06	0.616024	0.097697	0.483393
18.497	268435456	2.3666e-15	128	0.197495	0.635728	4.05312e-06	1.90735e-06	0.601307	0.112494	0.4584
18.0161	268435456	2.3666e-15	128	0.225995	0.60693	7.15256e-06	9.53674e-07	0.620822	0.100018	0.482098
17.9989	268435456	2.3666e-15	128	0.199846	0.674873	7.86781e-06	2.14577e-06	0.600979	0.12376	0.447405
18.438	268435456	2.3666e-15	128	0.164865	0.680194	0	9.53674e-07	0.604428	0.100598	0.473445
17.9361	268435456	2.3666e-15	128	0.250902	0.627027	1.90735e-06	9.53674e-07	0.619115	0.0881169	0.492762
17.8994	268435456	2.3666e-15	128	0.314157	0.532271	1.90735e-06	9.53674e-07	0.619882	0.107729	0.473133
17.4325	268435456	2.3666e-15	128	0.335643	0.56068	5.00679e-06	3.8147e-06	0.620709	0.123946	0.454533
18.0455	268435456	2.3666e-15	128	0.228217	0.628602	1.90735e-06	5.96046e-06	0.613264	0.117038	0.455912
18.1631	268435456	2.3666e-15	128	0.157598	0.682793	4.05312e-06	1.19209e-06	0.617241	0.0843771	0.492672
18.7855	268435456	2.3666e-15	128	0.185324	0.636008	4.05312e-06	4.05312e-06	0.591901	0.102774	0.468462
18.1554	268435456	2.3666e-15	128	0.237304	0.623384	2.86102e-06	4.05312e-06	0.599166	0.130465	0.442835
18.465	268435456	2.3666e-15	128	0.182755	0.642269	2.14577e-06	9.53674e-07	0.605027	0.116265	0.463963
18.1871	268435456	2.3666e-15	128	0.214246	0.616297	3.09944e-06	9.53674e-07	0.615505	0.0920041	0.487665
17.8672	268435456	2.3666e-15	128	0.153769	0.7288	9.53674e-07	1.19209e-06	0.620867	0.0929849	0.491905
18.325	268435456	2.3666e-15	128	0.190589	0.664772	9.53674e-07	0	0.597465	0.113494	0.46798
17.703	268435456	2.3666e-15	128	0.292515	0.575234	3.09944e-06	4.05312e-06	0.609737	0.14872	0.436931
18.5332	268435456	2.3666e-15	128	0.175902	0.616645	3.09944e-06	1.90735e-06	0.614602	0.100788	0.476367
18.419	268435456	2.3666e-15	128	0.212233	0.620326	2.14577e-06	1.90735e-06	0.603603	0.112013	0.459415
17.8497	268435456	2.3666e-15	128	0.269476	0.602637	6.19888e-06	4.76837e-06	0.601203	0.130142	0.448172
18.1827	268435456	2.3666e-15	128	0.179815	0.636593	1.90735e-06	9.53674e-07	0.628477	0.0930679	0.487214
17.6005	268435456	2.3666e-15	128	0.207205	0.683949	1.90735e-06	2.14577e-06	0.623317	0.0959198	0.490148
18.7672	268435456	2.3666e-15	128	0.151748	0.667573	0	0	0.594993	0.0606849	0.515225
17.5587	268435456	2.3666e-15	128	0.306896	0.610608	6.19888e-06	9.53674e-07	0.604977	0.128113	0.451057
18.004	268435456	2.3666e-15	128	0.254502	0.587474	1.90735e-06	2.86102e-06	0.621701	0.092303	0.48179
17.8601	268435456	2.3666e-15	128	0.284396	0.589464	6.91414e-06	2.14577e-06	0.60487	0.12547	0.452733
18.2135	268435456	2.3666e-15	128	0.271623	0.572716	4.05312e-06	1.90735e-06	0.596536	0.125817	0.450183
18.4427	268435456	2.3666e-15	128	0.165163	0.67111	9.53674e-07	9.53674e-07	0.612714	0.089817	0.483214
17.1745	268435456	2.3666e-15	128	0.301259	0.622826	2.86102e-06	9.53674e-07	0.616871	0.142076	0.43629
18.0173	268435456	2.3666e-15	128	0.32495	0.540106	0	9.53674e-07	0.616759	0.124267	0.44915
18.4734	268435456	2.3666e-15	128	0.135245	0.702064	3.09944e-06	6.19888e-06	0.598803	0.101752	0.479564
18.3015	268435456	2.3666e-15	128	0.166327	0.655331	1.90735e-06	9.53674e-07	0.618342	0.0849199	0.49478
17.5396	268435456	2.3666e-15	128	0.273323	0.655485	2.14577e-06	1.90735e-06	0.602204	0.114135	0.465757
17.9344	268435456	2.3666e-15	128	0.26497	0.601221	5.00679e-06	2.14577e-06	0.610357	0.115451	0.457478
18.5136	268435456	2.3666e-15	128	0.180606	0.638486	2.14577e-06	2.14577e-06	0.600796	0.104283	0.470176
18.0265	268435456	2.3666e-15	128	0.231092	0.620486	5.96046e-06	4.05312e-06	0.604031	0.119511	0.456777
17.8389	268435456	2.3666e-15	128	0.27743	0.597351	4.05312e-06	9.53674e-07	0.605953	0.130006	0.446783
18.1165	268435456	2.3666e-15	128	0.218113	0.605207	1.90735e-06	9.53674e-07	0.613665	0.107121	0.470513
18.3489	268435456	2.3666e-15	128	0.136374	0.678765	1.90735e-06	9.53674e-07	0.625162	0.055392	0.520704
17.7833	268435456	2.3666e-15	128	0.289226	0.595631	5.00679e-06	4.05312e-06	0.598861	0.104176	0.478698
17.5819	268435456	2.3666e-15	128	0.251763	0.643491	1.19209e-06	0	0.611547	0.122613	0.456276
18.1712	268435456	2.3666e-15	128	0.319181	0.513007	5.00679e-06	9.53674e-07	0.605216	0.118478	0.458223
18.3832	268435456	2.3666e-15	128	0.183117	0.613822	3.09944e-06	9.53674e-07	0.625575	0.0922132	0.487304
18.5088	268435456	2.3666e-15	128	0.144611	0.66316	1.90735e-06	9.53674e-07	0.630977	0.0529859	0.525091
18.699	268435456	2.3666e-15	128	0.156556	0.64133	3.09944e-06	2.14577e-06	0.60571	0.0986838	0.475738
18.0922	268435456	2.3666e-15	128	0.25565	0.589339	7.15256e-06	2.14577e-06	0.599612	0.113373	0.461627
18.6087	268435456	2.3666e-15	128	0.170657	0.639392	2.86102e-06	4.05312e-06	0.600849	0.115335	0.460627
18.5855	268435456	2.3666e-15	128	0.177194	0.653224	2.14577e-06	1.90735e-06	0.592551	0.118619	0.460501
16.9577	268435456	2.3666e-15	128	0.265613	0.685945	3.8147e-06	1.90735e-06	0.616347	0.127983	0.457461
18.9207	268435456	2.3666e-15	128	0.143174	0.644453	4.05312e-06	1.90735e-06	0.608819	0.0544419	0.519757
18.9202	268435456	2.3666e-15	128	0.160437	0.635626	9.53674e-07	1.90735e-06	0.599716	0.117458	0.45703
17.6837	268435456	2.3666e-15	128	0.306166	0.636132	0	4.05312e-06	0.591094	0.134689	0.439162
17.4871	268435456	2.3666e-15	128	0.246702	0.678078	5.00679e-06	6.19888e-06	0.608634	0.109129	0.465248
18.3467	268435456	2.3666e-15	128	0.158335	0.676572	2.14577e-06	9.53674e-07	0.616658	0.056154	0.519687
17.7987	268435456	2.3666e-15	128	0.263486	0.602144	6.91414e-06	1.19209e-06	0.617962	0.134125	0.444688
17.9075	268435456	2.3666e-15	128	0.265575	0.613234	5.96046e-06	9.53674e-07	0.607674	0.132433	0.44052
18.1216	268435456	2.3666e-15	128	0.275104	0.573472	3.8147e-06	4.05312e-06	0.593424	0.129395	0.448846
18.2123	268435456	2.3666e-15	128	0.259558	0.58888	3.09944e-06	1.90735e-06	0.608081	0.137152	0.440413
17.8508	268435456	2.3666e-15	128	0.249817	0.599917	9.53674e-07	9.53674e-07	0.609402	0.120632	0.458116
18.0722	268435456	2.3666e-15	128	0.252525	0.600254	1.90735e-06	2.14577e-06	0.60278	0.133356	0.445681
17.9993	268435456	2.3666e-15	128	0.273843	0.576186	3.09944e-06	9.53674e-07	0.605949	0.131032	0.447844
18.5901	268435456	2.3666e-15	128	0.134729	0.66552	5.00679e-06	1.19209e-06	0.624871	0.0554311	0.525688
17.4636	268435456	2.3666e-15	128	0.345574	0.560722	1.90735e-06	9.53674e-07	0.602711	0.13519	0.443581
17.1569	268435456	2.3666e-15	128	0.344789	0.621112	3.8147e-06	1.90735e-06	0.609227	0.129752	0.456514
17.0305	268435456	2.3666e-15	128	0.232082	0.736034	5.00679e-06	2.14577e-06	0.621084	0.111622	0.471789
17.5856	268435456	2.3666e-15	128	0.284464	0.619818	0	3.09944e-06	0.59996	0.128236	0.455391
18.5145	268435456	2.3666e-15	128	0.230925	0.593308	3.09944e-06	9.53674e-07	0.602865	0.141368	0.437932
17.9934	268435456	2.3666e-15	128	0.256373	0.618078	9.53674e-07	9.53674e-07	0.59439	0.124101	0.448214
17.4165	268435456	2.3666e-15	128	0.231812	0.691897	8.10623e-06	9.53674e-07	0.616682	0.129366	0.448677
18.1217	268435456	2.3666e-15	128	0.294695	0.525519	2.86102e-06	1.19209e-06	0.608751	0.11055	0.472112
17.9961	268435456	2.3666e-15	128	0.216686	0.648185	2.86102e-06	1.90735e-06	0.606558	0.107985	0.470975
18.0735	268435456	2.3666e-15	128	0.22745	0.613764	8.10623e-06	9.53674e-07	0.611203	0.104953	0.47154
18.4547	268435456	2.3666e-15	128	0.189367	0.610867	5.96046e-06	9.53674e-07	0.617867	0.110333	0.463294
18.2063	268435456	2.3666e-15	128	0.233133	0.632958	4.05312e-06	3.09944e-06	0.590534	0.123442	0.4562
17.8632	268435456	2.3666e-15	128	0.295115	0.564454	5.96046e-06	2.14577e-06	0.607906	0.123748	0.453171
17.8999	268435456	2.3666e-15	128	0.25143	0.602017	5.00679e-06	9.53674e-07	0.607927	0.120256	0.459022
18.0712	268435456	2.3666e-15	128	0.23703	0.625693	6.91414e-06	6.19888e-06	0.594944	0.122507	0.455895
18.0232	268435456	2.3666e-15	128	0.176437	0.686343	3.8147e-06	2.14577e-06	0.622981	0.108389	0.470743
18.2374	268435456	2.3666e-15	128	0.172087	0.683755	9.53674e-07	9.53674e-07	0.593199	0.111656	0.473141
18.15	268435456	2.3666e-15	128	0.150652	0.704042	1.90735e-06	2.14577e-06	0.598697	0.108457	0.479815
17.8914	268435456	2.3666e-15	128	0.281165	0.577935	6.91414e-06	3.09944e-06	0.596467	0.143477	0.439205
18.3799	268435456	2.3666e-15	128	0.128515	0.702609	4.05312e-06	9.53674e-07	0.626738	0.052536	0.523914
18.7378	268435456	2.3666e-15	128	0.148291	0.665369	4.05312e-06	2.14577e-06	0.60649	0.111439	0.461251
16.9227	268435456	2.3666e-15	128	0.387608	0.551997	7.15256e-06	9.53674e-07	0.62728	0.125251	0.464235
18.5875	268435456	2.3666e-15	128	0.177049	0.649757	4.05312e-06	6.91414e-06	0.601528	0.103163	0.471544
18.315	268435456	2.3666e-15	128	0.218834	0.612995	1.90735e-06	5.00679e-06	0.607455	0.116757	0.465506
17.7887	268435456	2.3666e-15	128	0.269586	0.589779	3.8147e-06	9.53674e-07	0.619657	0.140371	0.43787
18.566	268435456	2.3666e-15	128	0.192088	0.6153	3.8147e-06	4.05312e-06	0.60015	0.11383	0.462592
17.5947	268435456	2.3666e-15	128	0.288989	0.613222	1.09673e-05	1.90735e-06	0.604018	0.124862	0.455657
18.3127	268435456	2.3666e-15	128	0.160451	0.687352	1.90735e-06	1.90735e-06	0.608959	0.112538	0.465964
18.8331	268435456	2.3666e-15	128	0.149407	0.644834	1.90735e-06	9.53674e-07	0.604379	0.0524359	0.523867
18.2043	268435456	2.3666e-15	128	0.219199	0.623701	2.86102e-06	2.86102e-06	0.598164	0.113159	0.464488
18.0234	268435456	2.3666e-15	128	0.228416	0.620652	7.86781e-06	9.53674e-07	0.613227	0.122479	0.453194
18.2489	268435456	2.3666e-15	128	0.279313	0.555471	3.09944e-06	9.53674e-07	0.600558	0.134216	0.442673
17.6233	268435456	2.3666e-15	128	0.326797	0.600164	9.53674e-07	3.8147e-06	0.608043	0.131717	0.446329
18.0764	268435456	2.3666e-15	128	0.306606	0.547338	5.00679e-06	3.09944e-06	0.599207	0.127767	0.448126
17.8134	268435456	2.3666e-15	128	0.204039	0.649691	6.19888e-06	0	0.621466	0.10707	0.474608
18.0273	268435456	2.3666e-15	128	0.283978	0.583133	5.00679e-06	3.09944e-06	0.597909	0.131935	0.442523
18.2304	268435456	2.3666e-15	128	0.223464	0.606903	5.00679e-06	2.86102e-06	0.605843	0.11362	0.464735
17.752	268435456	2.3666e-15	128	0.210383	0.683864	5.96046e-06	2.14577e-06	0.605853	0.127734	0.44665
17.6705	268435456	2.3666e-15	128	0.244176	0.64932	2.86102e-06	1.90735e-06	0.605521	0.119964	0.465456
17.8831	268435456	2.3666e-15	128	0.196991	0.657833	4.05312e-06	9.53674e-07	0.628897	0.087023	0.486118
17.3108	268435456	2.3666e-15	128	0.308813	0.615843	3.09944e-06	9.53674e-07	0.607653	0.133862	0.447457
17.6311	268435456	2.3666e-15	128	0.259545	0.633107	9.53674e-07	9.53674e-07	0.606601	0.144929	0.433071
17.0671	268435456	2.3666e-15	128	0.237605	0.713367	5.96046e-06	9.53674e-07	0.615927	0.109648	0.472154
17.88	268435456	2.3666e-15	128	0.260779	0.590036	2.86102e-06	4.05312e-06	0.616758	0.107633	0.474397
18.5486	268435456	2.3666e-15	128	0.170253	0.643064	1.90735e-06	1.90735e-06	0.608662	0.0707519	0.499429
18.4134	268435456	2.3666e-15	128	0.129552	0.699561	9.53674e-07	9.53674e-07	0.619021	0.0597091	0.520282
17.1368	268435456	2.3666e-15	128	0.264936	0.728592	9.53674e-07	2.14577e-06	0.597819	0.134511	0.448945
18.1892	268435456	2.3666e-15	128	0.178614	0.67412	1.90735e-06	1.90735e-06	0.614699	0.102456	0.474653
18.0171	268435456	2.3666e-15	128	0.235761	0.627589	9.05991e-06	4.05312e-06	0.60231	0.121248	0.458319
17.7091	268435456	2.3666e-15	128	0.298219	0.632149	9.53674e-07	5.96046e-06	0.594918	0.125316	0.454174
18.0737	268435456	2.3666e-15	128	0.308915	0.553045	4.05312e-06	5.00679e-06	0.587665	0.133683	0.442194
18.2988	268435456	2.3666e-15	128	0.138087	0.731114	3.8147e-06	9.53674e-07	0.599325	0.112655	0.46119
17.5914	268435456	2.3666e-15	128	0.343521	0.537795	1.90735e-06	1.19209e-06	0.601993	0.132225	0.450759
17.1726	268435456	2.3666e-15	128	0.27814	0.661026	9.05991e-06	4.05312e-06	0.606658	0.135387	0.443327
18.7403	268435456	2.3666e-15	128	0.163694	0.650431	1.90735e-06	9.53674e-07	0.593247	0.11348	0.469232
17.5792	268435456	2.3666e-15	128	0.211322	0.679561	2.14577e-06	9.53674e-07	0.626962	0.102058	0.478859
18.0134	268435456	2.3666e-15	128	0.233399	0.623931	5.00679e-06	8.10623e-06	0.605557	0.108849	0.471588
17.8924	268435456	2.3666e-15	128	0.128447	0.758752	1.90735e-06	1.90735e-06	0.616254	0.0528841	0.530607
17.4548	268435456	2.3666e-15	128	0.216715	0.702173	3.8147e-06	1.90735e-06	0.616731	0.11927	0.470464
17.7705	268435456	2.3666e-15	128	0.277174	0.609172	7.86781e-06	1.90735e-06	0.613002	0.118824	0.45691
17.4082	268435456	2.3666e-15	128	0.294819	0.612061	9.53674e-07	1.19209e-06	0.612376	0.138164	0.442794
18.0046	268435456	2.3666e-15	128	0.261299	0.642483	0	2.86102e-06	0.593699	0.131922	0.441675
18.219	268435456	2.3666e-15	128	0.302726	0.528626	5.00679e-06	3.09944e-06	0.607421	0.122093	0.452327
18.2458	268435456	2.3666e-15	128	0.159402	0.677762	7.15256e-06	9.53674e-07	0.625211	0.0546041	0.518652
18.441	268435456	2.3666e-15	128	0.156731	0.668611	1.90735e-06	1.19209e-06	0.613774	0.0532751	0.518614
18.5068	268435456	2.3666e-15	128	0.157799	0.672243	1.90735e-06	2.86102e-06	0.612123	0.111697	0.460437
17.5372	268435456	2.3666e-15	128	0.353942	0.533957	6.91414e-06	2.14577e-06	0.611965	0.137687	0.439406
18.5759	268435456	2.3666e-15	128	0.161421	0.646234	3.09944e-06	9.53674e-07	0.621449	0.107232	0.468437
17.7723	268435456	2.3666e-15	128	0.233887	0.65477	6.19888e-06	2.14577e-06	0.591926	0.119508	0.45441
17.895	268435456	2.3666e-15	128	0.277043	0.576842	8.10623e-06	3.09944e-06	0.606445	0.12424	0.451552
18.2904	268435456	2.3666e-15	128	0.230322	0.603029	4.05312e-06	1.19209e-06	0.595378	0.141184	0.430897
18.359	268435456	2.3666e-15	128	0.173131	0.661881	3.09944e-06	1.90735e-06	0.610183	0.112768	0.466675
17.42	268435456	2.3666e-15	128	0.208256	0.716936	1.00136e-05	9.53674e-07	0.59967	0.111692	0.466841
18.7016	268435456	2.3666e-15	128	0.154281	0.661714	1.90735e-06	5.00679e-06	0.600994	0.100166	0.479758
18.1905	268435456	2.3666e-15	128	0.283846	0.544034	4.05312e-06	9.53674e-07	0.595048	0.134326	0.45489
17.6292	268435456	2.3666e-15	128	0.321728	0.548839	5.00679e-06	1.90735e-06	0.616486	0.113639	0.470191
17.1573	268435456	2.3666e-15	128	0.261577	0.671571	5.00679e-06	0	0.614553	0.115778	0.471644
18.2946	268435456	2.3666e-15	128	0.200239	0.608061	4.05312e-06	9.53674e-07	0.618853	0.0915658	0.486499
18.1102	268435456	2.3666e-15	128	0.207703	0.654865	3.09944e-06	2.14577e-06	0.603229	0.118032	0.459381
18.1109	268435456	2.3666e-15	128	0.256346	0.58687	5.96046e-06	9.53674e-07	0.594722	0.116471	0.459605
18.9926	268435456	2.3666e-15	128	0.137334	0.655888	3.09944e-06	1.90735e-06	0.592065	0.119084	0.459371
18.5261	268435456	2.3666e-15	128	0.136668	0.696688	2.14577e-06	9.53674e-07	0.602404	0.122749	0.454664
18.069	268435456	2.3666e-15	128	0.248087	0.589524	8.10623e-06	1.19209e-06	0.610247	0.116035	0.458612
18.0194	268435456	2.3666e-15	128	0.225294	0.617301	9.53674e-07	0	0.609066	0.128618	0.450863
17.9991	268435456	2.3666e-15	128	0.300986	0.593119	2.14577e-06	1.90735e-06	0.595271	0.132928	0.447026
18.1505	268435456	2.3666e-15	128	0.220369	0.645864	9.53674e-07	0	0.609633	0.075412	0.505683
17.4213	268435456	2.3666e-15	128	0.28768	0.60532	1.90735e-06	9.53674e-07	0.619237	0.137349	0.441866
18.0012	268435456	2.3666e-15	128	0.253428	0.59702	6.91414e-06	9.53674e-07	0.609465	0.114736	0.458761
18.9269	268435456	2.3666e-15	128	0.13597	0.661598	4.05312e-06	9.53674e-07	0.605382	0.061013	0.512589
17.6631	268435456	2.3666e-15	128	0.216018	0.64691	4.05312e-06	9.53674e-07	0.631025	0.12913	0.45665
18.1139	268435456	2.3666e-15	128	0.230827	0.623971	9.53674e-07	1.19209e-06	0.593901	0.13979	0.442423
18.079	268435456	2.3666e-15	128	0.195793	0.663828	1.90735e-06	2.14577e-06	0.60668	0.091809	0.482952
18.097	268435456	2.3666e-15	128	0.213449	0.624719	5.00679e-06	9.53674e-07	0.618276	0.111855	0.462502
17.8497	268435456	2.3666e-15	128	0.256452	0.605356	1.00136e-05	4.05312e-06	0.611575	0.124355	0.450688
17.5548	268435456	2.3666e-15	128	0.337617	0.5519	2.86102e-06	5.00679e-06	0.598077	0.129	0.448494
17.4198	268435456	2.3666e-15	128	0.242046	0.692468	6.91414e-06	5.96046e-06	0.589872	0.126723	0.450606
17.7804	268435456	2.3666e-15	128	0.267925	0.60106	5.96046e-06	9.53674e-07	0.607516	0.117365	0.460661
18.387	268435456	2.3666e-15	128	0.217217	0.626318	4.05312e-06	9.53674e-07	0.598023	0.116474	0.458457
17.8621	268435456	2.3666e-15	128	0.25139	0.624137	6.19888e-06	2.14577e-06	0.601463	0.122587	0.45832
17.8739	268435456	2.3666e-15	128	0.193979	0.685459	5.00679e-06	1.90735e-06	0.610926	0.121571	0.459605
17.9917	268435456	2.3666e-15	128	0.239181	0.617883	4.05312e-06	9.53674e-07	0.602255	0.115502	0.462971
17.8611	268435456	2.3666e-15	128	0.322873	0.536028	5.00679e-06	9.53674e-07	0.603617	0.124864	0.455702
17.6988	268435456	2.3666e-15	128	0.146726	0.726078	3.09944e-06	0	0.635113	0.060358	0.524209
18.3473	268435456	2.3666e-15	128	0.163878	0.663881	5.96046e-06	0	0.61881	0.105787	0.473889
17.8465	268435456	2.3666e-15	128	0.211069	0.638339	2.86102e-06	4.05312e-06	0.621396	0.0984881	0.480493
18.3114	268435456	2.3666e-15	128	0.177865	0.664756	2.86102e-06	1.19209e-06	0.62189	0.0972981	0.474244
17.6149	268435456	2.3666e-15	128	0.301702	0.573956	6.19888e-06	9.53674e-07	0.620957	0.101665	0.478741
18.1647	268435456	2.3666e-15	128	0.236116	0.606959	5.00679e-06	3.09944e-06	0.597134	0.120582	0.458279
17.4073	268435456	2.3666e-15	128	0.157647	0.774824	7.15256e-06	1.19209e-06	0.627088	0.056706	0.527102
17.5005	268435456	2.3666e-15	128	0.252558	0.680505	2.14577e-06	1.90735e-06	0.614842	0.122854	0.457916
17.605	268435456	2.3666e-15	128	0.356547	0.576933	1.19209e-06	9.53674e-07	0.607841	0.121514	0.454816
18.2425	268435456	2.3666e-15	128	0.162734	0.691413	1.90735e-06	3.09944e-06	0.612609	0.119909	0.455322
18.5982	268435456	2.3666e-15	128	0.219557	0.6078	3.09944e-06	1.90735e-06	0.597016	0.130632	0.443245
17.9961	268435456	2.3666e-15	128	0.237055	0.602354	4.05312e-06	9.53674e-07	0.619575	0.12638	0.454987
18.1014	268435456	2.3666e-15	128	0.255534	0.579247	6.19888e-06	9.53674e-07	0.608618	0.111723	0.468697
18.2689	268435456	2.3666e-15	128	0.230454	0.60155	3.8147e-06	1.90735e-06	0.598251	0.12678	0.454235
18.1218	268435456	2.3666e-15	128	0.249889	0.602677	4.05312e-06	9.53674e-07	0.609527	0.119203	0.450659
18.0809	268435456	2.3666e-15	128	0.228565	0.616414	5.00679e-06	4.05312e-06	0.61076	0.118478	0.452214
17.9189	268435456	2.3666e-15	128	0.283826	0.579035	5.96046e-06	1.90735e-06	0.592795	0.122497	0.456684
17.9359	268435456	2.3666e-15	128	0.257061	0.588928	1.90735e-06	3.8147e-06	0.603879	0.120329	0.458018
18.292	268435456	2.3666e-15	128	0.18639	0.634323	2.86102e-06	0	0.616274	0.100067	0.483489
17.3283	268435456	2.3666e-15	128	0.38947	0.572419	9.53674e-07	9.53674e-07	0.607226	0.146906	0.432093
17.7722	268435456	2.3666e-15	128	0.243004	0.628981	7.15256e-06	9.53674e-07	0.62043	0.119328	0.45535
18.9943	268435456	2.3666e-15	128	0.118435	0.659089	1.90735e-06	2.14577e-06	0.613779	0.115291	0.457174
18.348	268435456	2.3666e-15	128	0.182059	0.650218	4.05312e-06	3.8147e-06	0.613669	0.106458	0.473173
17.9576	268435456	2.3666e-15	128	0.182008	0.690945	4.05312e-06	2.14577e-06	0.614794	0.112964	0.474113
18.517	268435456	2.3666e-15	128	0.168686	0.655416	3.8147e-06	9.53674e-07	0.613788	0.110089	0.464846
18.0546	268435456	2.3666e-15	128	0.276635	0.556776	1.90735e-06	9.53674e-07	0.604917	0.123348	0.457264
17.5581	268435456	2.3666e-15	128	0.222331	0.668378	4.05312e-06	0	0.608876	0.123994	0.465954
17.9978	268435456	2.3666e-15	128	0.247061	0.630615	5.96046e-06	3.09944e-06	0.594129	0.127584	0.446648
18.4875	268435456	2.3666e-15	128	0.158876	0.678001	4.05312e-06	2.14577e-06	0.602339	0.105646	0.472733
18.5436	268435456	2.3666e-15	128	0.14266	0.698348	9.53674e-07	1.90735e-06	0.600009	0.119567	0.453317
18.3197	268435456	2.3666e-15	128	0.216337	0.624445	6.91414e-06	4.05312e-06	0.591762	0.131959	0.439689
17.851	268435456	2.3666e-15	128	0.257247	0.652766	9.53674e-07	2.86102e-06	0.59619	0.124414	0.456208
18.2168	268435456	2.3666e-15	128	0.206857	0.64871	8.82149e-06	3.09944e-06	0.591389	0.115729	0.460875
18.0493	268435456	2.3666e-15	128	0.283642	0.580059	1.00136e-05	1.90735e-06	0.596772	0.127892	0.449771
18.2271	268435456	2.3666e-15	128	0.245877	0.576476	2.14577e-06	2.14577e-06	0.601435	0.133417	0.446216
17.7189	268435456	2.3666e-15	128	0.23465	0.626268	8.10623e-06	9.53674e-07	0.627793	0.127974	0.449145
18.7727	268435456	2.3666e-15	128	0.173117	0.62436	5.00679e-06	9.53674e-07	0.603484	0.120442	0.453183
17.974	268435456	2.3666e-15	128	0.308265	0.536387	9.53674e-07	1.19209e-06	0.595521	0.119828	0.460041
18.6946	268435456	2.3666e-15	128	0.167724	0.638496	1.90735e-06	9.53674e-07	0.605711	0.112989	0.464287
18.3962	268435456	2.3666e-15	128	0.193583	0.641842	1.19209e-06	1.90735e-06	0.605439	0.11234	0.466679
18.2346	268435456	2.3666e-15	128	0.215929	0.604775	4.05312e-06	9.53674e-07	0.620297	0.095073	0.480847
17.5594	268435456	2.3666e-15	128	0.295372	0.646988	9.53674e-07	2.86102e-06	0.599912	0.121187	0.457531
18.5719	268435456	2.3666e-15	128	0.151627	0.680178	5.00679e-06	2.14577e-06	0.599005	0.068738	0.509591
17.942	268435456	2.3666e-15	128	0.212629	0.638007	4.05312e-06	2.14577e-06	0.60097	0.129332	0.447354
18.0197	268435456	2.3666e-15	128	0.251105	0.585831	4.05312e-06	1.90735e-06	0.622673	0.110852	0.468868
18.3008	268435456	2.3666e-15	128	0.175053	0.669529	1.19209e-06	9.53674e-07	0.601106	0.117514	0.470933
17.8244	268435456	2.3666e-15	128	0.309948	0.53586	5.00679e-06	1.90735e-06	0.624755	0.119003	0.458397
18.2869	268435456	2.3666e-15	128	0.155606	0.684119	6.19888e-06	9.53674e-07	0.620606	0.104702	0.469364
17.2527	268435456	2.3666e-15	128	0.279653	0.630578	4.05312e-06	2.86102e-06	0.618496	0.137021	0.444177
18.2549	268435456	2.3666e-15	128	0.262094	0.569553	2.86102e-06	3.09944e-06	0.600956	0.133191	0.440345
17.6654	268435456	2.3666e-15	128	0.272876	0.613852	5.00679e-06	2.14577e-06	0.613989	0.13214	0.44726
18.3218	268435456	2.3666e-15	128	0.206482	0.606422	3.8147e-06	2.14577e-06	0.611586	0.116229	0.470007
18.7429	268435456	2.3666e-15	128	0.13473	0.672395	5.00679e-06	9.53674e-07	0.605121	0.107056	0.471954
17.6055	268435456	2.3666e-15	128	0.248996	0.645687	2.86102e-06	9.53674e-07	0.602717	0.111821	0.465731
18.277	268435456	2.3666e-15	128	0.263989	0.572654	2.86102e-06	9.53674e-07	0.605527	0.122715	0.454683
18.2434	268435456	2.3666e-15	128	0.289154	0.536041	5.00679e-06	2.86102e-06	0.593452	0.135602	0.446648
18.0615	268435456	2.3666e-15	128	0.243157	0.589089	4.05312e-06	9.53674e-07	0.6118	0.116707	0.458855
17.0103	268435456	2.3666e-15	128	0.389279	0.543433	2.86102e-06	9.53674e-07	0.61217	0.140867	0.443586
18.2211	268435456	2.3666e-15	128	0.16093	0.680162	9.53674e-07	9.53674e-07	0.621352	0.065305	0.520295
17.4051	268435456	2.3666e-15	128	0.227184	0.661507	5.96046e-06	1.19209e-06	0.621256	0.120318	0.459611
18.0542	268435456	2.3666e-15	128	0.224632	0.623949	3.09944e-06	9.53674e-07	0.596016	0.12144	0.461846
17.7357	268435456	2.3666e-15	128	0.283233	0.618579	1.90735e-06	9.53674e-07	0.599279	0.143235	0.432382
17.8173	268435456	2.3666e-15	128	0.251126	0.624603	9.05991e-06	1.90735e-06	0.603146	0.135203	0.449651
17.9306	268435456	2.3666e-15	128	0.281028	0.568546	4.05312e-06	9.53674e-07	0.599142	0.139834	0.440808
18.2625	268435456	2.3666e-15	128	0.149031	0.705888	0	1.19209e-06	0.61542	0.082716	0.49579
17.0655	268435456	2.3666e-15	128	0.269365	0.677613	9.05991e-06	1.90735e-06	0.606763	0.117066	0.475201
18.0475	268435456	2.3666e-15	128	0.260293	0.593772	4.05312e-06	1.19209e-06	0.60777	0.120239	0.460069
17.1736	268435456	2.3666e-15	128	0.35474	0.573978	1.90735e-06	1.90735e-06	0.61815	0.126701	0.456379
19.1397	268435456	2.3666e-15	128	0.138857	0.633285	4.05312e-06	2.86102e-06	0.599018	0.11716	0.463408
16.5456	268435456	2.3666e-15	128	0.28975	0.697032	8.10623e-06	1.90735e-06	0.632268	0.120122	0.472763
18.7788	268435456	2.3666e-15	128	0.133063	0.655235	4.05312e-06	1.90735e-06	0.622092	0.0543451	0.527121
17.616	268435456	2.3666e-15	128	0.249525	0.642539	5.96046e-06	9.53674e-07	0.6105	0.120149	0.466906
17.8369	268435456	2.3666e-15	128	0.260196	0.627851	7.86781e-06	4.05312e-06	0.594859	0.133514	0.450363
17.9472	268435456	2.3666e-15	128	0.249635	0.631048	8.10623e-06	1.90735e-06	0.601651	0.131286	0.442283
17.6031	268435456	2.3666e-15	128	0.294803	0.580396	9.53674e-07	2.14577e-06	0.620393	0.141028	0.442502
17.6068	268435456	2.3666e-15	128	0.278981	0.614777	5.00679e-06	0	0.609415	0.129116	0.448208
18.6439	268435456	2.3666e-15	128	0.149943	0.663882	2.86102e-06	3.09944e-06	0.595994	0.110355	0.472552
17.9566	268435456	2.3666e-15	128	0.230109	0.62682	1.90735e-06	0	0.612026	0.133009	0.445346
17.5207	268435456	2.3666e-15	128	0.304548	0.589524	6.91414e-06	1.90735e-06	0.611472	0.115105	0.466443
18.2885	268435456	2.3666e-15	128	0.210844	0.605852	4.05312e-06	9.53674e-07	0.6114	0.113928	0.461102
18.024	268435456	2.3666e-15	128	0.244154	0.584286	5.00679e-06	0	0.629937	0.086015	0.493549
17.543	268435456	2.3666e-15	128	0.288649	0.594277	3.09944e-06	9.53674e-07	0.606081	0.125287	0.465141
17.9313	268435456	2.3666e-15	128	0.253371	0.609699	6.91414e-06	3.8147e-06	0.600651	0.129821	0.447432
17.7759	268435456	2.3666e-15	128	0.371861	0.506742	3.09944e-06	9.53674e-07	0.594175	0.129574	0.452814
18.6764	268435456	2.3666e-15	128	0.118587	0.671867	1.90735e-06	9.53674e-07	0.63217	0.0520389	0.521029
17.6305	268435456	2.3666e-15	128	0.151311	0.749332	3.8147e-06	9.53674e-07	0.622843	0.0633988	0.514245
18.0699	268435456	2.3666e-15	128	0.224556	0.634029	9.53674e-07	9.53674e-07	0.617062	0.119849	0.460906
17.7957	268435456	2.3666e-15	128	0.219467	0.633188	5.00679e-06	2.14577e-06	0.625328	0.103186	0.489498
18.1368	268435456	2.3666e-15	128	0.301907	0.536795	1.90735e-06	2.14577e-06	0.589621	0.138462	0.441116
17.9177	268435456	2.3666e-15	128	0.218746	0.647585	1.90735e-06	9.53674e-07	0.602989	0.113236	0.468872
18.0005	268435456	2.3666e-15	128	0.141415	0.742346	4.05312e-06	3.09944e-06	0.611474	0.111316	0.466913
17.6059	268435456	2.3666e-15	128	0.205824	0.707004	8.10623e-06	3.09944e-06	0.602953	0.113629	0.465391
18.0783	268435456	2.3666e-15	128	0.252203	0.603623	6.91414e-06	2.86102e-06	0.596588	0.125337	0.449716
18.2016	268435456	2.3666e-15	128	0.247981	0.593035	2.86102e-06	9.53674e-07	0.59037	0.136221	0.445153
18.1192	268435456	2.3666e-15	128	0.234597	0.624809	2.86102e-06	2.14577e-06	0.610161	0.122938	0.455528
18.6642	268435456	2.3666e-15	128	0.145905	0.660029	2.86102e-06	1.90735e-06	0.617365	0.0651689	0.517087
19.0396	268435456	2.3666e-15	128	0.135508	0.642685	1.90735e-06	0	0.605429	0.05374	0.524737
18.4008	268435456	2.3666e-15	128	0.182308	0.661147	1.3113e-05	3.09944e-06	0.600619	0.125296	0.450782
18.1419	268435456	2.3666e-15	128	0.17087	0.685619	4.05312e-06	9.53674e-07	0.610858	0.115607	0.464745
18.742	268435456	2.3666e-15	128	0.173618	0.62719	3.8147e-06	3.09944e-06	0.602445	0.118377	0.46422
17.8769	268435456	2.3666e-15	128	0.28502	0.61094	9.53674e-07	9.53674e-07	0.602777	0.130052	0.455475
18.1014	268435456	2.3666e-15	128	0.259256	0.596703	4.05312e-06	2.14577e-06	0.595987	0.129801	0.452004
18.4069	268435456	2.3666e-15	128	0.185345	0.641859	1.90735e-06	9.53674e-07	0.604872	0.112282	0.472877
18.3581	268435456	2.3666e-15	128	0.232741	0.569263	4.05312e-06	1.19209e-06	0.628361	0.104365	0.475456
17.366	268435456	2.3666e-15	128	0.301242	0.642997	9.53674e-07	1.19209e-06	0.618662	0.129684	0.453059
18.0759	268435456	2.3666e-15	128	0.240347	0.612208	6.91414e-06	3.09944e-06	0.597397	0.117238	0.461977
17.8648	268435456	2.3666e-15	128	0.187356	0.675374	4.05312e-06	1.90735e-06	0.62913	0.0995538	0.487339
18.0562	268435456	2.3666e-15	128	0.232246	0.626176	1.90735e-06	2.14577e-06	0.602169	0.121791	0.463248
17.3401	268435456	2.3666e-15	128	0.275948	0.662038	1.90735e-06	9.53674e-07	0.60978	0.127475	0.456227
17.9912	268435456	2.3666e-15	128	0.295375	0.54397	9.53674e-07	0	0.612193	0.136793	0.442558
