MPIFFT_Gflops	MPIFFT_N	MPIFFT_maxErr	MPIFFT_Procs	MPIFFT_time4	MPIFFT_time5	MPIFFT_time6	MPIFFT_time0	MPIFFT_time1	MPIFFT_time2	MPIFFT_time3
18.6819	268435456	2.3666e-15	128	0.129938	0.676547	9.53674e-07	9.53674e-07	0.608727	0.052115	0.530805
17.9309	268435456	2.3666e-15	128	0.215398	0.641204	9.05991e-06	5.96046e-06	0.61641	0.0991361	0.473522
17.6713	268435456	2.3666e-15	128	0.368482	0.574319	2.14577e-06	9.53674e-07	0.591447	0.127714	0.447606
18.159	268435456	2.3666e-15	128	0.254353	0.58568	5.96046e-06	4.05312e-06	0.596916	0.140301	0.433532
18.7862	268435456	2.3666e-15	128	0.243819	0.541571	5.00679e-06	2.14577e-06	0.592583	0.121901	0.458807
19.1161	268435456	2.3666e-15	128	0.161142	0.613994	5.00679e-06	1.90735e-06	0.598656	0.110332	0.46894
18.0653	268435456	2.3666e-15	128	0.27755	0.591342	2.14577e-06	0	0.601175	0.136488	0.431072
17.8269	268435456	2.3666e-15	128	0.244886	0.637167	8.10623e-06	1.90735e-06	0.610175	0.124322	0.451116
18.92	268435456	2.3666e-15	128	0.157174	0.650998	2.86102e-06	2.14577e-06	0.584688	0.120415	0.452741
17.7376	268435456	2.3666e-15	128	0.290874	0.569075	4.05312e-06	9.53674e-07	0.602616	0.117935	0.463472
18.5138	268435456	2.3666e-15	128	0.196402	0.632961	3.09944e-06	5.00679e-06	0.597635	0.112198	0.462629
17.9992	268435456	2.3666e-15	128	0.269504	0.57894	3.09944e-06	2.14577e-06	0.599587	0.127076	0.451513
18.3922	268435456	2.3666e-15	128	0.202883	0.594763	5.00679e-06	3.09944e-06	0.620299	0.0865419	0.487893
18.2858	268435456	2.3666e-15	128	0.183179	0.641626	2.86102e-06	9.53674e-07	0.604172	0.100501	0.480303
17.1051	268435456	2.3666e-15	128	0.385764	0.573124	1.90735e-06	9.53674e-07	0.621009	0.0942709	0.481177
17.0232	268435456	2.3666e-15	128	0.42822	0.522202	4.05312e-06	2.86102e-06	0.592257	0.154736	0.428873
18.1768	268435456	2.3666e-15	128	0.282218	0.549349	5.00679e-06	9.53674e-07	0.601484	0.132129	0.448235
18.5526	268435456	2.3666e-15	128	0.19199	0.629949	4.05312e-06	3.8147e-06	0.593271	0.120877	0.455964
18.0798	268435456	2.3666e-15	128	0.203849	0.644559	5.00679e-06	1.19209e-06	0.608614	0.084775	0.495411
17.9331	268435456	2.3666e-15	128	0.204618	0.655389	7.86781e-06	3.09944e-06	0.607345	0.111229	0.469901
17.8442	268435456	2.3666e-15	128	0.301584	0.567555	8.10623e-06	4.05312e-06	0.591975	0.142782	0.438848
18.3949	268435456	2.3666e-15	128	0.186195	0.669478	9.53674e-07	9.53674e-07	0.591218	0.114218	0.464763
18.6784	268435456	2.3666e-15	128	0.183014	0.632975	2.14577e-06	4.05312e-06	0.601857	0.123758	0.451052
18.5649	268435456	2.3666e-15	128	0.234398	0.561732	5.00679e-06	1.90735e-06	0.605568	0.091547	0.484121
18.2526	268435456	2.3666e-15	128	0.14998	0.687401	4.05312e-06	1.19209e-06	0.621967	0.0554101	0.527186
18.4374	268435456	2.3666e-15	128	0.199493	0.615144	9.53674e-07	2.14577e-06	0.602984	0.109226	0.468918
18.288	268435456	2.3666e-15	128	0.186034	0.63995	3.8147e-06	1.90735e-06	0.611958	0.0575421	0.518165
17.6578	268435456	2.3666e-15	128	0.24519	0.638252	5.96046e-06	1.90735e-06	0.606566	0.133008	0.453271
19.1903	268435456	2.3666e-15	128	0.157285	0.607098	1.90735e-06	1.90735e-06	0.606197	0.053596	0.521873
17.7775	268435456	2.3666e-15	128	0.301362	0.563756	8.10623e-06	9.53674e-07	0.599961	0.142054	0.439185
18.9418	268435456	2.3666e-15	128	0.170591	0.623969	1.90735e-06	9.53674e-07	0.595523	0.117261	0.458784
18.3318	268435456	2.3666e-15	128	0.241082	0.573432	5.00679e-06	9.53674e-07	0.611871	0.095855	0.477013
18.1771	268435456	2.3666e-15	128	0.253079	0.593472	5.96046e-06	9.53674e-07	0.598198	0.140717	0.441309
17.541	268435456	2.3666e-15	128	0.346276	0.546922	4.05312e-06	9.53674e-07	0.607588	0.126775	0.445518
17.5077	268435456	2.3666e-15	128	0.275159	0.639861	5.00679e-06	1.90735e-06	0.601941	0.128407	0.450008
18.2985	268435456	2.3666e-15	128	0.185887	0.637642	7.15256e-06	1.19209e-06	0.612515	0.097924	0.474352
18.5564	268435456	2.3666e-15	128	0.197299	0.61797	2.14577e-06	9.53674e-07	0.600206	0.103354	0.468873
18.6536	268435456	2.3666e-15	128	0.21804	0.601553	5.00679e-06	3.09944e-06	0.586642	0.057559	0.513413
18.7325	268435456	2.3666e-15	128	0.165261	0.613141	5.00679e-06	9.53674e-07	0.612483	0.0639479	0.513235
18.7397	268435456	2.3666e-15	128	0.135646	0.647906	3.09944e-06	0	0.630662	0.051461	0.524142
18.5561	268435456	2.3666e-15	128	0.242022	0.549944	3.09944e-06	2.14577e-06	0.600338	0.115744	0.456258
18.0399	268435456	2.3666e-15	128	0.288514	0.562112	2.86102e-06	9.53674e-07	0.587178	0.123181	0.452654
18.29	268435456	2.3666e-15	128	0.250036	0.56526	5.00679e-06	0	0.607009	0.129884	0.445127
18.3672	268435456	2.3666e-15	128	0.208966	0.602131	1.19209e-06	9.53674e-07	0.61397	0.101015	0.476577
18.0626	268435456	2.3666e-15	128	0.133351	0.762654	1.90735e-06	0	0.5937	0.0640211	0.519178
18.5082	268435456	2.3666e-15	128	0.169624	0.674885	2.14577e-06	1.90735e-06	0.591114	0.11603	0.46405
18.1375	268435456	2.3666e-15	128	0.279304	0.568051	9.53674e-07	9.53674e-07	0.593587	0.124724	0.453873
18.4416	268435456	2.3666e-15	128	0.131817	0.703531	1.90735e-06	9.53674e-07	0.605146	0.0536911	0.528669
18.0024	268435456	2.3666e-15	128	0.313925	0.520481	3.8147e-06	9.53674e-07	0.608124	0.130058	0.452842
17.7048	268435456	2.3666e-15	128	0.351923	0.520032	9.53674e-07	9.53674e-07	0.606494	0.127845	0.448865
18.0327	268435456	2.3666e-15	128	0.280184	0.576935	5.96046e-06	9.53674e-07	0.59172	0.134207	0.440426
17.8009	268435456	2.3666e-15	128	0.363107	0.499684	2.86102e-06	2.14577e-06	0.605039	0.127023	0.456581
17.7581	268435456	2.3666e-15	128	0.289439	0.603273	3.09944e-06	1.19209e-06	0.597128	0.137757	0.443738
18.4387	268435456	2.3666e-15	128	0.180598	0.62576	5.96046e-06	2.86102e-06	0.615465	0.084908	0.496072
18.7579	268435456	2.3666e-15	128	0.155639	0.646372	0	1.90735e-06	0.596448	0.0600572	0.516554
18.8286	268435456	2.3666e-15	128	0.149477	0.652791	9.53674e-07	9.53674e-07	0.599206	0.133221	0.448422
18.4792	268435456	2.3666e-15	128	0.209011	0.590815	4.05312e-06	9.53674e-07	0.608935	0.090486	0.487015
18.8069	268435456	2.3666e-15	128	0.134261	0.676275	5.00679e-06	0	0.601224	0.110272	0.461197
18.8343	268435456	2.3666e-15	128	0.143415	0.652324	9.53674e-07	9.53674e-07	0.59773	0.119151	0.461229
19.127	268435456	2.3666e-15	128	0.148253	0.633454	2.14577e-06	4.05312e-06	0.59424	0.11038	0.461926
18.1275	268435456	2.3666e-15	128	0.258104	0.585817	5.00679e-06	9.53674e-07	0.605318	0.130415	0.443466
19.0503	268435456	2.3666e-15	128	0.167929	0.608347	3.8147e-06	9.53674e-07	0.591663	0.066932	0.50592
18.9284	268435456	2.3666e-15	128	0.161719	0.629596	2.14577e-06	9.53674e-07	0.600745	0.117467	0.463427
16.9117	268435456	2.3666e-15	128	0.405942	0.545249	9.53674e-07	9.53674e-07	0.609079	0.126866	0.455027
17.5264	268435456	2.3666e-15	128	0.186998	0.739049	9.53674e-07	1.19209e-06	0.613248	0.103894	0.479676
18.9018	268435456	2.3666e-15	128	0.14694	0.647752	3.09944e-06	9.53674e-07	0.613668	0.0542459	0.517951
18.0439	268435456	2.3666e-15	128	0.213805	0.631428	3.09944e-06	2.14577e-06	0.618134	0.0924408	0.486241
18.2935	268435456	2.3666e-15	128	0.168212	0.673671	1.90735e-06	1.90735e-06	0.610407	0.0767281	0.501489
18.3504	268435456	2.3666e-15	128	0.209178	0.618913	4.05312e-06	2.14577e-06	0.594802	0.105431	0.470837
18.0551	268435456	2.3666e-15	128	0.204429	0.640646	2.14577e-06	3.09944e-06	0.610241	0.112952	0.464828
17.6366	268435456	2.3666e-15	128	0.287014	0.613724	5.96046e-06	9.53674e-07	0.603113	0.124385	0.456526
18.1729	268435456	2.3666e-15	128	0.302194	0.545684	2.14577e-06	1.19209e-06	0.589838	0.123942	0.450266
18.3669	268435456	2.3666e-15	128	0.21375	0.624029	8.10623e-06	1.90735e-06	0.589074	0.11168	0.467324
18.5159	268435456	2.3666e-15	128	0.178797	0.637058	2.14577e-06	9.53674e-07	0.60252	0.078099	0.50403
19.1394	268435456	2.3666e-15	128	0.140863	0.62543	3.8147e-06	1.90735e-06	0.604513	0.109316	0.466072
18.4348	268435456	2.3666e-15	128	0.224321	0.585644	9.53674e-07	2.14577e-06	0.598552	0.123177	0.457974
18.1412	268435456	2.3666e-15	128	0.305416	0.54056	5.00679e-06	2.14577e-06	0.589669	0.126802	0.455111
18.1947	268435456	2.3666e-15	128	0.215166	0.630328	5.00679e-06	1.90735e-06	0.591525	0.108905	0.46645
18.2768	268435456	2.3666e-15	128	0.217019	0.606237	5.96046e-06	9.53674e-07	0.610606	0.101015	0.474817
18.3782	268435456	2.3666e-15	128	0.264433	0.579196	3.09944e-06	9.53674e-07	0.5952	0.11866	0.455424
18.5091	268435456	2.3666e-15	128	0.173792	0.640354	1.90735e-06	1.90735e-06	0.607445	0.0554249	0.520719
18.2993	268435456	2.3666e-15	128	0.165668	0.671707	3.09944e-06	0	0.607552	0.101377	0.473516
18.8882	268435456	2.3666e-15	128	0.208149	0.580667	4.05312e-06	1.90735e-06	0.594495	0.114356	0.46344
18.5426	268435456	2.3666e-15	128	0.243388	0.578485	9.53674e-07	1.90735e-06	0.60269	0.125389	0.451391
18.387	268435456	2.3666e-15	128	0.204897	0.616343	5.96046e-06	9.53674e-07	0.59439	0.101341	0.476113
17.9922	268435456	2.3666e-15	128	0.257147	0.621576	8.10623e-06	2.86102e-06	0.586913	0.143126	0.432112
18.6708	268435456	2.3666e-15	128	0.196937	0.598685	5.96046e-06	9.53674e-07	0.601787	0.0803511	0.495365
18.0717	268435456	2.3666e-15	128	0.147189	0.697066	2.86102e-06	2.14577e-06	0.626926	0.056541	0.521918
18.8613	268435456	2.3666e-15	128	0.151481	0.642576	4.05312e-06	1.90735e-06	0.599431	0.107608	0.465908
18.0792	268435456	2.3666e-15	128	0.223767	0.629027	7.15256e-06	2.14577e-06	0.601032	0.101593	0.471083
18.1171	268435456	2.3666e-15	128	0.234007	0.612989	2.86102e-06	9.53674e-07	0.598791	0.125192	0.447018
18.2591	268435456	2.3666e-15	128	0.200819	0.657862	9.53674e-07	9.53674e-07	0.600328	0.129146	0.451284
18.121	268435456	2.3666e-15	128	0.268418	0.571611	4.05312e-06	9.53674e-07	0.604492	0.116261	0.461956
18.4466	268435456	2.3666e-15	128	0.203842	0.61819	4.76837e-06	2.14577e-06	0.604293	0.108291	0.463845
17.8621	268435456	2.3666e-15	128	0.307005	0.567878	6.91414e-06	9.53674e-07	0.586806	0.129649	0.455489
17.7128	268435456	2.3666e-15	128	0.293002	0.567365	9.53674e-07	9.53674e-07	0.614147	0.123045	0.462262
18.1133	268435456	2.3666e-15	128	0.271978	0.5947	1.90735e-06	9.53674e-07	0.596801	0.144551	0.431085
19.1297	268435456	2.3666e-15	128	0.14891	0.634436	5.00679e-06	2.14577e-06	0.589355	0.122309	0.455939
17.0556	268435456	2.3666e-15	128	0.414518	0.529973	5.00679e-06	1.19209e-06	0.61292	0.134793	0.442685
17.0897	268435456	2.3666e-15	128	0.343998	0.609867	2.14577e-06	9.53674e-07	0.602195	0.155494	0.428907
17.4957	268435456	2.3666e-15	128	0.366268	0.539985	4.05312e-06	9.53674e-07	0.597327	0.12728	0.452432
18.0964	268435456	2.3666e-15	128	0.196392	0.6473	5.96046e-06	4.05312e-06	0.613865	0.129146	0.447833
18.4739	268435456	2.3666e-15	128	0.176237	0.639634	5.00679e-06	3.09944e-06	0.600596	0.0694449	0.506371
17.4091	268435456	2.3666e-15	128	0.371231	0.537545	1.90735e-06	9.53674e-07	0.608933	0.141789	0.440774
18.5459	268435456	2.3666e-15	128	0.206047	0.591483	4.05312e-06	9.53674e-07	0.61297	0.06498	0.513026
17.9968	268435456	2.3666e-15	128	0.253492	0.61642	2.86102e-06	9.53674e-07	0.589622	0.129959	0.444516
17.8651	268435456	2.3666e-15	128	0.108796	0.778223	2.14577e-06	1.19209e-06	0.618656	0.0542271	0.524686
17.6966	268435456	2.3666e-15	128	0.270666	0.60596	9.05991e-06	9.53674e-07	0.604979	0.127941	0.450453
17.2126	268435456	2.3666e-15	128	0.373963	0.560063	5.96046e-06	9.53674e-07	0.603188	0.126339	0.455769
18.5733	268435456	2.3666e-15	128	0.2148	0.597127	3.09944e-06	9.53674e-07	0.604626	0.114616	0.456956
17.7751	268435456	2.3666e-15	128	0.242261	0.640924	8.10623e-06	1.19209e-06	0.605751	0.111207	0.468102
18.6609	268435456	2.3666e-15	128	0.207043	0.586429	4.05312e-06	9.53674e-07	0.603708	0.0688748	0.507018
17.6256	268435456	2.3666e-15	128	0.298899	0.586301	5.00679e-06	1.90735e-06	0.603832	0.126131	0.45364
18.7309	268435456	2.3666e-15	128	0.14781	0.651993	3.09944e-06	9.53674e-07	0.610155	0.054769	0.525775
18.0092	268435456	2.3666e-15	128	0.252562	0.599987	4.05312e-06	5.00679e-06	0.608453	0.114002	0.463769
18.2186	268435456	2.3666e-15	128	0.225498	0.628399	4.05312e-06	2.14577e-06	0.618056	0.0816801	0.491067
18.8966	268435456	2.3666e-15	128	0.153243	0.634379	0	9.53674e-07	0.605638	0.122033	0.459685
17.838	268435456	2.3666e-15	128	0.230388	0.639951	5.96046e-06	9.53674e-07	0.606725	0.0856681	0.495258
17.5209	268435456	2.3666e-15	128	0.354416	0.557287	3.09944e-06	0	0.593832	0.12357	0.449066
18.1415	268435456	2.3666e-15	128	0.237262	0.632951	2.14577e-06	3.09944e-06	0.594282	0.117895	0.459806
18.5079	268435456	2.3666e-15	128	0.166709	0.653984	1.90735e-06	0	0.618317	0.05408	0.52006
17.5265	268435456	2.3666e-15	128	0.276443	0.611838	5.00679e-06	1.90735e-06	0.61857	0.137843	0.433889
17.9703	268435456	2.3666e-15	128	0.257136	0.616085	3.09944e-06	2.14577e-06	0.593499	0.131643	0.451534
18.6026	268435456	2.3666e-15	128	0.195477	0.624469	5.00679e-06	5.00679e-06	0.594044	0.111791	0.464038
18.0764	268435456	2.3666e-15	128	0.2598	0.598779	5.96046e-06	2.86102e-06	0.591409	0.132411	0.445822
19.1873	268435456	2.3666e-15	128	0.130121	0.644636	2.86102e-06	1.90735e-06	0.589138	0.106646	0.47536
18.0339	268435456	2.3666e-15	128	0.246959	0.617088	2.86102e-06	9.53674e-07	0.607994	0.132584	0.436027
18.4261	268435456	2.3666e-15	128	0.224926	0.595929	9.53674e-07	9.53674e-07	0.604641	0.115595	0.451383
18.1031	268435456	2.3666e-15	128	0.292206	0.557842	3.09944e-06	4.05312e-06	0.609716	0.124587	0.460137
18.1058	268435456	2.3666e-15	128	0.259424	0.580799	1.09673e-05	5.00679e-06	0.606484	0.129987	0.444487
17.629	268435456	2.3666e-15	128	0.252234	0.619752	3.09944e-06	9.53674e-07	0.615712	0.123751	0.459361
18.0866	268435456	2.3666e-15	128	0.191913	0.649731	5.96046e-06	9.53674e-07	0.605835	0.110934	0.464536
18.6894	268435456	2.3666e-15	128	0.193704	0.618927	5.96046e-06	1.90735e-06	0.59449	0.113634	0.456619
18.4961	268435456	2.3666e-15	128	0.210982	0.624375	2.14577e-06	8.10623e-06	0.593186	0.127204	0.44561
18.4856	268435456	2.3666e-15	128	0.200987	0.609413	4.05312e-06	4.05312e-06	0.603012	0.104581	0.4761
18.2402	268435456	2.3666e-15	128	0.219804	0.631807	3.09944e-06	9.53674e-07	0.597693	0.132737	0.44633
18.5297	268435456	2.3666e-15	128	0.184608	0.629839	1.90735e-06	9.53674e-07	0.597537	0.0630169	0.510642
18.1775	268435456	2.3666e-15	128	0.191768	0.646596	5.00679e-06	9.53674e-07	0.608259	0.095998	0.478885
18.546	268435456	2.3666e-15	128	0.155985	0.661173	1.90735e-06	9.53674e-07	0.614758	0.0936711	0.474158
17.5381	268435456	2.3666e-15	128	0.267648	0.622783	6.91414e-06	9.53674e-07	0.616953	0.102528	0.479872
18.1875	268435456	2.3666e-15	128	0.16777	0.669635	4.05312e-06	0	0.611054	0.0686169	0.510697
17.3904	268435456	2.3666e-15	128	0.392842	0.516084	7.15256e-06	2.14577e-06	0.601498	0.124655	0.450944
18.2158	268435456	2.3666e-15	128	0.233007	0.605968	8.10623e-06	9.53674e-07	0.600463	0.0698521	0.50774
17.0427	268435456	2.3666e-15	128	0.414143	0.548144	1.90735e-06	0	0.598636	0.136876	0.447315
17.9411	268435456	2.3666e-15	128	0.263393	0.599043	2.86102e-06	1.19209e-06	0.606476	0.122394	0.457747
17.5238	268435456	2.3666e-15	128	0.223144	0.66778	1.90735e-06	0	0.631993	0.0979822	0.480293
19.0097	268435456	2.3666e-15	128	0.147441	0.633383	1.90735e-06	9.53674e-07	0.595614	0.062484	0.514549
17.967	268435456	2.3666e-15	128	0.303102	0.544237	3.09944e-06	9.53674e-07	0.599891	0.125989	0.453225
17.9294	268435456	2.3666e-15	128	0.257262	0.611712	7.15256e-06	1.90735e-06	0.599909	0.146531	0.433535
18.0084	268435456	2.3666e-15	128	0.196156	0.641761	2.14577e-06	9.53674e-07	0.62108	0.0968502	0.485039
18.8524	268435456	2.3666e-15	128	0.142429	0.652821	6.91414e-06	5.00679e-06	0.601362	0.120905	0.459886
18.3607	268435456	2.3666e-15	128	0.179121	0.635219	3.09944e-06	2.14577e-06	0.614703	0.0744901	0.506262
18.7262	268435456	2.3666e-15	128	0.162539	0.659579	2.86102e-06	4.05312e-06	0.593351	0.122745	0.45727
17.8301	268435456	2.3666e-15	128	0.295502	0.588125	4.05312e-06	1.90735e-06	0.599553	0.127502	0.451442
18.1887	268435456	2.3666e-15	128	0.32424	0.557896	1.90735e-06	4.05312e-06	0.584502	0.141183	0.437836
18.1848	268435456	2.3666e-15	128	0.300677	0.537693	9.05991e-06	9.53674e-07	0.592411	0.126478	0.445279
17.8347	268435456	2.3666e-15	128	0.275986	0.628983	9.53674e-07	1.90735e-06	0.608672	0.101414	0.475328
18.1721	268435456	2.3666e-15	128	0.245476	0.592395	5.00679e-06	1.90735e-06	0.615211	0.104195	0.464819
18.2512	268435456	2.3666e-15	128	0.21257	0.628413	7.15256e-06	2.14577e-06	0.613303	0.118224	0.4553
18.4063	268435456	2.3666e-15	128	0.21768	0.593904	5.00679e-06	1.19209e-06	0.607232	0.091228	0.486249
18.297	268435456	2.3666e-15	128	0.243787	0.586982	6.19888e-06	1.90735e-06	0.596728	0.132749	0.447018
18.3087	268435456	2.3666e-15	128	0.216156	0.614963	3.09944e-06	1.90735e-06	0.606913	0.0846961	0.494766
18.3612	268435456	2.3666e-15	128	0.185886	0.658931	1.19209e-06	1.90735e-06	0.597993	0.117042	0.471822
18.8005	268435456	2.3666e-15	128	0.157617	0.654948	7.15256e-06	2.86102e-06	0.590904	0.116505	0.465769
17.9628	268435456	2.3666e-15	128	0.264833	0.615063	4.76837e-06	1.90735e-06	0.589676	0.143918	0.431688
18.2733	268435456	2.3666e-15	128	0.164079	0.67323	1.90735e-06	1.90735e-06	0.611128	0.115871	0.466961
18.7119	268435456	2.3666e-15	128	0.170729	0.640291	4.05312e-06	1.90735e-06	0.597446	0.12253	0.460602
18.4352	268435456	2.3666e-15	128	0.279304	0.541642	4.05312e-06	5.00679e-06	0.582921	0.114833	0.462711
18.3431	268435456	2.3666e-15	128	0.224911	0.601944	5.00679e-06	3.09944e-06	0.601123	0.106623	0.468978
17.8419	268435456	2.3666e-15	128	0.308131	0.567724	2.86102e-06	1.19209e-06	0.604552	0.123536	0.448583
18.6636	268435456	2.3666e-15	128	0.159263	0.679453	1.19209e-06	1.90735e-06	0.59081	0.117883	0.450497
18.2023	268435456	2.3666e-15	128	0.262721	0.596719	2.86102e-06	5.00679e-06	0.587314	0.118839	0.457553
18.0191	268435456	2.3666e-15	128	0.317548	0.524836	2.14577e-06	1.19209e-06	0.59801	0.127051	0.453974
18.3912	268435456	2.3666e-15	128	0.262353	0.562412	5.00679e-06	1.90735e-06	0.595763	0.116207	0.457399
17.9938	268435456	2.3666e-15	128	0.246584	0.637912	9.53674e-07	9.53674e-07	0.597921	0.142021	0.436893
18.0173	268435456	2.3666e-15	128	0.269975	0.580383	5.96046e-06	1.19209e-06	0.607651	0.115355	0.460007
18.1534	268435456	2.3666e-15	128	0.251135	0.604553	2.86102e-06	9.53674e-07	0.603316	0.131039	0.444497
17.9677	268435456	2.3666e-15	128	0.295334	0.581856	9.53674e-07	1.19209e-06	0.613935	0.118188	0.44962
17.5028	268435456	2.3666e-15	128	0.241627	0.643944	3.09944e-06	9.53674e-07	0.610112	0.133363	0.446253
17.7226	268435456	2.3666e-15	128	0.287622	0.629662	5.96046e-06	2.86102e-06	0.591682	0.119103	0.454772
18.0416	268435456	2.3666e-15	128	0.246266	0.602106	2.86102e-06	9.53674e-07	0.606574	0.094943	0.479607
18.8187	268435456	2.3666e-15	128	0.153597	0.639	1.90735e-06	9.53674e-07	0.600953	0.0801251	0.497083
17.8117	268435456	2.3666e-15	128	0.266141	0.607051	1.90735e-06	2.14577e-06	0.597558	0.133643	0.440193
18.5273	268435456	2.3666e-15	128	0.22934	0.562864	5.00679e-06	0	0.617022	0.089618	0.487541
18.2842	268435456	2.3666e-15	128	0.221012	0.611331	2.86102e-06	1.90735e-06	0.608489	0.0935011	0.480096
18.1109	268435456	2.3666e-15	128	0.284891	0.552606	5.96046e-06	1.19209e-06	0.600597	0.1169	0.45778
18.4204	268435456	2.3666e-15	128	0.168364	0.687052	1.90735e-06	9.53674e-07	0.58944	0.11171	0.470155
18.0991	268435456	2.3666e-15	128	0.255332	0.620831	9.53674e-07	3.09944e-06	0.605262	0.112743	0.464026
18.5245	268435456	2.3666e-15	128	0.249038	0.552161	4.05312e-06	1.90735e-06	0.599362	0.113001	0.457496
18.1526	268435456	2.3666e-15	128	0.261944	0.569092	5.00679e-06	9.53674e-07	0.597802	0.134189	0.44548
18.3268	268435456	2.3666e-15	128	0.266864	0.571254	2.14577e-06	5.00679e-06	0.594991	0.10747	0.461017
18.6412	268435456	2.3666e-15	128	0.295596	0.534316	5.00679e-06	9.53674e-07	0.575263	0.138642	0.436741
18.1832	268435456	2.3666e-15	128	0.198546	0.640163	8.10623e-06	9.53674e-07	0.61666	0.089606	0.475057
18.0224	268435456	2.3666e-15	128	0.268121	0.587719	7.15256e-06	2.14577e-06	0.599298	0.12769	0.451087
18.7315	268435456	2.3666e-15	128	0.143965	0.674147	3.8147e-06	2.14577e-06	0.605649	0.081599	0.490296
18.9868	268435456	2.3666e-15	128	0.143279	0.637522	1.90735e-06	2.14577e-06	0.608111	0.0530131	0.52488
18.0446	268435456	2.3666e-15	128	0.213764	0.630922	9.77516e-06	1.19209e-06	0.614204	0.086729	0.486768
18.2877	268435456	2.3666e-15	128	0.26983	0.583248	3.8147e-06	9.53674e-07	0.605195	0.13299	0.439755
18.096	268435456	2.3666e-15	128	0.185633	0.657449	2.14577e-06	9.53674e-07	0.618185	0.094775	0.480973
18.5646	268435456	2.3666e-15	128	0.199711	0.597693	5.00679e-06	2.14577e-06	0.61539	0.0873971	0.485132
18.2659	268435456	2.3666e-15	128	0.327114	0.51578	6.19888e-06	3.09944e-06	0.589496	0.132063	0.44271
16.7231	268435456	2.3666e-15	128	0.364963	0.618169	1.90735e-06	9.53674e-07	0.599862	0.143745	0.442454
17.9841	268435456	2.3666e-15	128	0.28421	0.570145	5.00679e-06	4.05312e-06	0.596291	0.121961	0.458078
18.6172	268435456	2.3666e-15	128	0.23526	0.556572	3.8147e-06	9.53674e-07	0.617749	0.103801	0.458022
17.8302	268435456	2.3666e-15	128	0.294949	0.570055	2.86102e-06	9.53674e-07	0.597227	0.134191	0.445528
18.3202	268435456	2.3666e-15	128	0.28269	0.523235	5.00679e-06	9.53674e-07	0.60926	0.115536	0.461639
19.0024	268435456	2.3666e-15	128	0.145393	0.65525	4.05312e-06	2.86102e-06	0.583785	0.111978	0.464541
18.2237	268435456	2.3666e-15	128	0.244168	0.592302	5.00679e-06	9.53674e-07	0.596014	0.115761	0.461755
17.7319	268435456	2.3666e-15	128	0.355048	0.518313	1.90735e-06	1.90735e-06	0.605149	0.147352	0.430338
18.3849	268435456	2.3666e-15	128	0.231875	0.587543	2.86102e-06	3.8147e-06	0.588116	0.13551	0.440751
17.332	268435456	2.3666e-15	128	0.313779	0.603348	2.86102e-06	9.53674e-07	0.613733	0.142577	0.428406
18.2877	268435456	2.3666e-15	128	0.205965	0.637385	9.53674e-07	1.90735e-06	0.598076	0.12207	0.45117
18.3988	268435456	2.3666e-15	128	0.265582	0.545377	8.10623e-06	9.53674e-07	0.606406	0.107277	0.462714
18.5073	268435456	2.3666e-15	128	0.260021	0.540275	5.00679e-06	1.19209e-06	0.608654	0.101199	0.469462
18.3205	268435456	2.3666e-15	128	0.143908	0.713356	5.96046e-06	1.90735e-06	0.600236	0.117015	0.466688
18.7024	268435456	2.3666e-15	128	0.152178	0.653045	2.86102e-06	9.53674e-07	0.607364	0.11656	0.463545
18.1635	268435456	2.3666e-15	128	0.258999	0.594509	2.86102e-06	9.53674e-07	0.589087	0.115758	0.463271
18.1752	268435456	2.3666e-15	128	0.298407	0.537291	7.86781e-06	2.86102e-06	0.58753	0.124234	0.452326
18.72	268435456	2.3666e-15	128	0.133143	0.675156	1.90735e-06	2.14577e-06	0.610694	0.059849	0.517803
17.865	268435456	2.3666e-15	128	0.363147	0.501057	9.53674e-07	9.53674e-07	0.597242	0.117877	0.45248
18.0113	268435456	2.3666e-15	128	0.173084	0.71941	2.86102e-06	1.90735e-06	0.599896	0.112359	0.464924
18.1794	268435456	2.3666e-15	128	0.219159	0.622233	2.86102e-06	2.86102e-06	0.609489	0.092855	0.483104
18.2041	268435456	2.3666e-15	128	0.281244	0.571702	1.90735e-06	9.53674e-07	0.598262	0.139085	0.440245
18.6022	268435456	2.3666e-15	128	0.216046	0.579302	3.09944e-06	1.90735e-06	0.608425	0.0951691	0.472172
18.1038	268435456	2.3666e-15	128	0.291773	0.566678	4.05312e-06	1.90735e-06	0.580173	0.132562	0.450957
19.0649	268435456	2.3666e-15	128	0.136616	0.642983	3.09944e-06	1.90735e-06	0.6061	0.054723	0.520597
19.018	268435456	2.3666e-15	128	0.149034	0.638056	1.90735e-06	9.53674e-07	0.596903	0.092515	0.485343
17.8324	268435456	2.3666e-15	128	0.285401	0.58914	6.19888e-06	7.15256e-06	0.591526	0.13178	0.444132
18.0267	268435456	2.3666e-15	128	0.261788	0.574709	4.05312e-06	9.53674e-07	0.615954	0.0984159	0.478723
18.5181	268435456	2.3666e-15	128	0.220133	0.579882	5.96046e-06	9.53674e-07	0.606371	0.067214	0.507804
17.4258	268435456	2.3666e-15	128	0.361095	0.553649	2.86102e-06	9.53674e-07	0.600948	0.129993	0.453532
18.9041	268435456	2.3666e-15	128	0.148353	0.649185	3.09944e-06	9.53674e-07	0.605331	0.104384	0.466159
18.1202	268435456	2.3666e-15	128	0.261543	0.581113	3.09944e-06	9.53674e-07	0.599544	0.109728	0.464105
17.4892	268435456	2.3666e-15	128	0.28173	0.602242	5.00679e-06	9.53674e-07	0.611549	0.136212	0.444181
18.3382	268435456	2.3666e-15	128	0.149156	0.710146	1.90735e-06	2.14577e-06	0.597359	0.104309	0.478825
18.0092	268435456	2.3666e-15	128	0.192252	0.698764	6.91414e-06	1.90735e-06	0.596232	0.108589	0.469805
18.9324	268435456	2.3666e-15	128	0.164372	0.61006	3.8147e-06	1.19209e-06	0.615482	0.055495	0.522327
18.4634	268435456	2.3666e-15	128	0.166268	0.642701	5.00679e-06	9.53674e-07	0.605488	0.0997651	0.478111
18.5062	268435456	2.3666e-15	128	0.214931	0.583794	4.05312e-06	9.53674e-07	0.610761	0.107421	0.466474
16.9231	268435456	2.3666e-15	128	0.36023	0.631676	5.96046e-06	9.53674e-07	0.600066	0.147499	0.430908
18.7647	268435456	2.3666e-15	128	0.150113	0.649396	3.09944e-06	9.53674e-07	0.612453	0.0527551	0.525777
17.9633	268435456	2.3666e-15	128	0.284554	0.568916	4.05312e-06	9.53674e-07	0.60122	0.132438	0.442783
18.4832	268435456	2.3666e-15	128	0.189202	0.623736	3.09944e-06	1.90735e-06	0.602935	0.107265	0.470056
17.4622	268435456	2.3666e-15	128	0.3707	0.534203	1.09673e-05	3.09944e-06	0.59701	0.145556	0.430168
18.005	268435456	2.3666e-15	128	0.356674	0.553986	1.19209e-06	9.53674e-07	0.587857	0.139333	0.430391
17.3903	268435456	2.3666e-15	128	0.379745	0.577307	9.53674e-07	9.53674e-07	0.604068	0.146195	0.434533
18.0053	268435456	2.3666e-15	128	0.151411	0.700204	3.09944e-06	9.53674e-07	0.629013	0.0555539	0.525835
17.6718	268435456	2.3666e-15	128	0.208024	0.685185	5.00679e-06	9.53674e-07	0.612333	0.120863	0.46707
18.3973	268435456	2.3666e-15	128	0.193602	0.63087	5.00679e-06	9.53674e-07	0.599744	0.076225	0.498645
18.1707	268435456	2.3666e-15	128	0.210295	0.623179	5.96046e-06	1.90735e-06	0.611953	0.090143	0.482719
17.9713	268435456	2.3666e-15	128	0.268807	0.608098	3.8147e-06	0	0.591543	0.145508	0.433657
18.33	268435456	2.3666e-15	128	0.199656	0.616835	4.05312e-06	9.53674e-07	0.618173	0.0680881	0.508892
18.0567	268435456	2.3666e-15	128	0.1528	0.735917	2.86102e-06	1.90735e-06	0.593825	0.111722	0.474583
18.6309	268435456	2.3666e-15	128	0.169867	0.663627	2.14577e-06	9.53674e-07	0.592095	0.113499	0.458943
18.5001	268435456	2.3666e-15	128	0.240108	0.580412	4.05312e-06	6.91414e-06	0.606258	0.136282	0.441158
17.4782	268435456	2.3666e-15	128	0.197452	0.68464	5.00679e-06	1.90735e-06	0.649313	0.0818899	0.496138
17.8095	268435456	2.3666e-15	128	0.280022	0.630751	9.53674e-07	1.19209e-06	0.59689	0.129566	0.454639
17.7892	268435456	2.3666e-15	128	0.328239	0.540897	6.19888e-06	9.53674e-07	0.602947	0.118309	0.456951
17.0029	268435456	2.3666e-15	128	0.263214	0.67809	7.86781e-06	9.53674e-07	0.626816	0.111922	0.473726
18.5843	268435456	2.3666e-15	128	0.14926	0.673862	9.53674e-07	9.53674e-07	0.611724	0.0535829	0.522401
17.2681	268435456	2.3666e-15	128	0.396155	0.51741	5.00679e-06	2.86102e-06	0.599411	0.13092	0.44934
18.2903	268435456	2.3666e-15	128	0.132603	0.723854	1.90735e-06	9.53674e-07	0.616418	0.054853	0.517714
18.5776	268435456	2.3666e-15	128	0.154992	0.679179	2.86102e-06	9.53674e-07	0.60792	0.116256	0.454064
18.1645	268435456	2.3666e-15	128	0.183988	0.6782	1.19209e-06	1.19209e-06	0.601745	0.11238	0.469007
17.5549	268435456	2.3666e-15	128	0.346094	0.53907	1.90735e-06	9.53674e-07	0.619471	0.135309	0.435014
18.1989	268435456	2.3666e-15	128	0.164826	0.667232	4.05312e-06	9.53674e-07	0.617812	0.0930161	0.486341
18.1646	268435456	2.3666e-15	128	0.312503	0.527633	1.00136e-05	5.00679e-06	0.590117	0.137225	0.439403
18.0503	268435456	2.3666e-15	128	0.300361	0.557293	7.86781e-06	4.05312e-06	0.583902	0.120727	0.45524
18.2436	268435456	2.3666e-15	128	0.195319	0.658372	5.96046e-06	4.05312e-06	0.601852	0.117995	0.45499
17.7327	268435456	2.3666e-15	128	0.151251	0.763779	1.19209e-06	1.19209e-06	0.606673	0.117538	0.467102
18.4663	268435456	2.3666e-15	128	0.150349	0.702725	2.14577e-06	9.53674e-07	0.594987	0.113591	0.461487
18.1362	268435456	2.3666e-15	128	0.312152	0.564645	9.53674e-07	9.53674e-07	0.602893	0.139357	0.433928
18.5807	268435456	2.3666e-15	128	0.141592	0.668785	1.90735e-06	9.53674e-07	0.61681	0.0541651	0.523079
18.4519	268435456	2.3666e-15	128	0.210033	0.63282	9.53674e-07	5.00679e-06	0.603074	0.0842121	0.488519
18.0407	268435456	2.3666e-15	128	0.204483	0.637039	5.96046e-06	9.53674e-07	0.620271	0.0886271	0.481619
18.0208	268435456	2.3666e-15	128	0.243683	0.598959	5.00679e-06	1.90735e-06	0.607832	0.105256	0.470672
18.2487	268435456	2.3666e-15	128	0.205848	0.634688	2.86102e-06	1.90735e-06	0.606312	0.105219	0.468282
18.1208	268435456	2.3666e-15	128	0.201626	0.64488	2.14577e-06	2.14577e-06	0.597257	0.114092	0.465559
18.061	268435456	2.3666e-15	128	0.274495	0.579926	4.05312e-06	9.53674e-07	0.592874	0.118618	0.460685
18.0123	268435456	2.3666e-15	128	0.316891	0.549807	6.91414e-06	2.86102e-06	0.594016	0.148284	0.426913
18.0431	268435456	2.3666e-15	128	0.26657	0.622473	4.05312e-06	1.90735e-06	0.584706	0.14075	0.438241
18.0115	268435456	2.3666e-15	128	0.298672	0.560614	4.05312e-06	3.8147e-06	0.590352	0.119678	0.453221
19.0498	268435456	2.3666e-15	128	0.144926	0.657256	2.14577e-06	9.53674e-07	0.59364	0.104281	0.456161
18.2137	268435456	2.3666e-15	128	0.177785	0.661619	1.90735e-06	9.53674e-07	0.617636	0.095211	0.477973
18.1497	268435456	2.3666e-15	128	0.257947	0.573493	7.15256e-06	1.90735e-06	0.607188	0.117844	0.466155
18.0952	268435456	2.3666e-15	128	0.3147	0.514463	5.00679e-06	1.19209e-06	0.611589	0.112006	0.468276
18.4811	268435456	2.3666e-15	128	0.210447	0.620588	9.53674e-07	9.53674e-07	0.608488	0.0705411	0.504847
18.4367	268435456	2.3666e-15	128	0.228325	0.579164	3.8147e-06	9.53674e-07	0.605637	0.0852799	0.490416
17.6058	268435456	2.3666e-15	128	0.275473	0.602046	4.05312e-06	2.14577e-06	0.598497	0.140773	0.443895
17.8851	268435456	2.3666e-15	128	0.25821	0.628785	1.19209e-06	9.53674e-07	0.604321	0.121634	0.457312
18.481	268435456	2.3666e-15	128	0.224377	0.607156	3.09944e-06	4.05312e-06	0.602763	0.128628	0.451147
18.7503	268435456	2.3666e-15	128	0.164328	0.619789	1.90735e-06	1.19209e-06	0.61549	0.0555151	0.516677
17.8058	268435456	2.3666e-15	128	0.283867	0.574088	1.90735e-06	9.53674e-07	0.595084	0.128791	0.448759
17.6097	268435456	2.3666e-15	128	0.283572	0.607333	5.96046e-06	1.90735e-06	0.601599	0.133555	0.440776
18.0679	268435456	2.3666e-15	128	0.192971	0.646471	5.00679e-06	9.53674e-07	0.6131	0.0847039	0.489902
18.2934	268435456	2.3666e-15	128	0.289594	0.529344	5.96046e-06	9.53674e-07	0.603892	0.110586	0.460398
18.271	268435456	2.3666e-15	128	0.120675	0.723821	5.00679e-06	9.53674e-07	0.617867	0.051867	0.534906
18.4126	268435456	2.3666e-15	128	0.167331	0.646883	4.05312e-06	1.90735e-06	0.612153	0.0827589	0.489606
18.7521	268435456	2.3666e-15	128	0.189615	0.606966	1.90735e-06	5.00679e-06	0.596028	0.101469	0.468273
18.2103	268435456	2.3666e-15	128	0.244445	0.585047	5.00679e-06	9.53674e-07	0.612999	0.0859132	0.4843
17.7236	268435456	2.3666e-15	128	0.20617	0.689786	8.10623e-06	1.90735e-06	0.609218	0.11072	0.465901
17.9843	268435456	2.3666e-15	128	0.344334	0.515327	3.09944e-06	1.90735e-06	0.589248	0.124194	0.455385
18.2552	268435456	2.3666e-15	128	0.189225	0.633785	4.05312e-06	9.53674e-07	0.612623	0.0951228	0.48181
17.7175	268435456	2.3666e-15	128	0.34816	0.535851	8.10623e-06	2.14577e-06	0.601748	0.131668	0.436132
18.3995	268435456	2.3666e-15	128	0.152395	0.666458	1.90735e-06	9.53674e-07	0.616452	0.0546801	0.521903
18.4166	268435456	2.3666e-15	128	0.220665	0.598715	7.15256e-06	9.53674e-07	0.607683	0.129063	0.444564
18.1121	268435456	2.3666e-15	128	0.293766	0.563794	1.28746e-05	9.53674e-07	0.597855	0.1333	0.442956
18.4793	268435456	2.3666e-15	128	0.184059	0.63367	9.53674e-07	9.53674e-07	0.606413	0.117062	0.46662
18.1218	268435456	2.3666e-15	128	0.204952	0.630166	4.05312e-06	9.53674e-07	0.610246	0.0963938	0.481905
18.7338	268435456	2.3666e-15	128	0.190846	0.603687	4.05312e-06	9.53674e-07	0.60404	0.0954392	0.473793
18.182	268435456	2.3666e-15	128	0.241729	0.605647	9.05991e-06	9.53674e-07	0.594148	0.117509	0.459725
18.7813	268435456	2.3666e-15	128	0.132365	0.661815	1.90735e-06	9.53674e-07	0.616391	0.051662	0.524011
18.9524	268435456	2.3666e-15	128	0.161549	0.638758	4.05312e-06	2.14577e-06	0.593149	0.120209	0.457358
17.9781	268435456	2.3666e-15	128	0.315111	0.526159	2.86102e-06	9.53674e-07	0.60881	0.122776	0.451855
17.626	268435456	2.3666e-15	128	0.329598	0.554921	2.14577e-06	1.90735e-06	0.594898	0.133817	0.451866
18.224	268435456	2.3666e-15	128	0.218701	0.610728	5.00679e-06	9.53674e-07	0.613619	0.0866461	0.492332
18.2927	268435456	2.3666e-15	128	0.250744	0.583938	1.00136e-05	2.14577e-06	0.588082	0.121448	0.450655
18.3834	268435456	2.3666e-15	128	0.243221	0.591772	9.53674e-07	9.53674e-07	0.596921	0.109089	0.468325
18.379	268435456	2.3666e-15	128	0.229748	0.594239	3.09944e-06	1.90735e-06	0.593876	0.120846	0.453902
18.2274	268435456	2.3666e-15	128	0.187421	0.662237	5.96046e-06	9.53674e-07	0.606442	0.104936	0.471766
18.4547	268435456	2.3666e-15	128	0.221816	0.592671	4.05312e-06	9.53674e-07	0.603853	0.114596	0.462089
17.5672	268435456	2.3666e-15	128	0.299403	0.603922	4.76837e-06	3.8147e-06	0.590711	0.131061	0.445813
18.929	268435456	2.3666e-15	128	0.148151	0.647975	2.86102e-06	9.53674e-07	0.592673	0.0684628	0.508876
18.6074	268435456	2.3666e-15	128	0.15388	0.6753	3.8147e-06	0	0.592641	0.124419	0.454495
18.6254	268435456	2.3666e-15	128	0.190864	0.637816	2.14577e-06	0	0.596152	0.113584	0.456572
17.9204	268435456	2.3666e-15	128	0.266564	0.640561	0	1.90735e-06	0.601175	0.130379	0.441117
18.1818	268435456	2.3666e-15	128	0.198167	0.649089	1.90735e-06	1.19209e-06	0.613814	0.099726	0.464551
17.683	268435456	2.3666e-15	128	0.282558	0.58877	7.86781e-06	9.53674e-07	0.610829	0.138139	0.443649
18.364	268435456	2.3666e-15	128	0.213367	0.610016	2.86102e-06	4.05312e-06	0.594957	0.106873	0.470592
18.0237	268435456	2.3666e-15	128	0.276305	0.597683	1.21593e-05	9.53674e-07	0.593828	0.124512	0.45369
18.2599	268435456	2.3666e-15	128	0.127078	0.707059	1.90735e-06	9.53674e-07	0.635261	0.055439	0.525397
18.0848	268435456	2.3666e-15	128	0.234301	0.596512	5.96046e-06	9.53674e-07	0.615817	0.0876741	0.491473
18.6342	268435456	2.3666e-15	128	0.265453	0.538285	5.00679e-06	9.53674e-07	0.605135	0.0984449	0.467244
17.1353	268435456	2.3666e-15	128	0.394806	0.59817	9.53674e-07	9.53674e-07	0.601159	0.145803	0.431561
17.807	268435456	2.3666e-15	128	0.275789	0.60815	3.8147e-06	2.14577e-06	0.593192	0.128135	0.451619
17.8781	268435456	2.3666e-15	128	0.242204	0.627849	6.19888e-06	9.53674e-07	0.605021	0.115181	0.469982
18.2273	268435456	2.3666e-15	128	0.242714	0.595394	3.09944e-06	1.19209e-06	0.599424	0.127542	0.449845
18.3026	268435456	2.3666e-15	128	0.173454	0.661589	3.09944e-06	3.8147e-06	0.60353	0.104804	0.469499
16.5058	268435456	2.3666e-15	128	0.418233	0.617872	1.90735e-06	2.14577e-06	0.59379	0.133174	0.452078
17.9842	268435456	2.3666e-15	128	0.234178	0.622547	3.09944e-06	0	0.610747	0.106857	0.470729
18.1234	268435456	2.3666e-15	128	0.180218	0.662107	2.14577e-06	9.53674e-07	0.615609	0.0623679	0.508621
17.9704	268435456	2.3666e-15	128	0.179522	0.685293	3.09944e-06	1.90735e-06	0.608258	0.057992	0.52272
17.4146	268435456	2.3666e-15	128	0.304231	0.611242	1.90735e-06	9.53674e-07	0.605439	0.129479	0.447492
18.4676	268435456	2.3666e-15	128	0.163335	0.666429	2.86102e-06	1.90735e-06	0.606115	0.0725729	0.49877
18.1625	268435456	2.3666e-15	128	0.290524	0.578458	3.09944e-06	3.8147e-06	0.595495	0.126252	0.444962
17.9271	268435456	2.3666e-15	128	0.327761	0.566499	9.53674e-07	3.09944e-06	0.609146	0.129434	0.44454
18.6261	268435456	2.3666e-15	128	0.158529	0.655429	3.8147e-06	4.05312e-06	0.604587	0.105851	0.468372
18.996	268435456	2.3666e-15	128	0.140585	0.644889	3.09944e-06	2.86102e-06	0.602419	0.122644	0.456272
18.1998	268435456	2.3666e-15	128	0.251394	0.595783	4.05312e-06	1.90735e-06	0.588771	0.130968	0.446342
18.2574	268435456	2.3666e-15	128	0.248361	0.575735	5.00679e-06	1.19209e-06	0.611186	0.0881541	0.484292
18.5594	268435456	2.3666e-15	128	0.213286	0.588036	4.05312e-06	9.53674e-07	0.609197	0.100812	0.476877
18.1677	268435456	2.3666e-15	128	0.188504	0.646632	5.96046e-06	9.53674e-07	0.607119	0.0965481	0.47983
17.8644	268435456	2.3666e-15	128	0.338416	0.51589	5.00679e-06	2.14577e-06	0.596817	0.150011	0.426407
18.3009	268435456	2.3666e-15	128	0.261295	0.583841	1.90735e-06	3.09944e-06	0.58992	0.128319	0.441426
17.7811	268435456	2.3666e-15	128	0.278717	0.590419	6.19888e-06	2.14577e-06	0.606932	0.135634	0.437451
17.9062	268435456	2.3666e-15	128	0.301526	0.554154	7.86781e-06	1.19209e-06	0.60054	0.119889	0.457973
17.9304	268435456	2.3666e-15	128	0.27349	0.595547	6.91414e-06	5.96046e-06	0.590013	0.127959	0.451483
19.0062	268435456	2.3666e-15	128	0.14379	0.653113	1.90735e-06	9.53674e-07	0.592608	0.0916359	0.480077
17.7844	268435456	2.3666e-15	128	0.273726	0.599255	4.05312e-06	9.53674e-07	0.612378	0.115611	0.462293
18.7884	268435456	2.3666e-15	128	0.171034	0.614343	1.90735e-06	0	0.606031	0.083298	0.491116
17.4934	268435456	2.3666e-15	128	0.33734	0.574211	1.90735e-06	1.19209e-06	0.601512	0.139903	0.437076
18.5077	268435456	2.3666e-15	128	0.13063	0.717697	3.09944e-06	9.53674e-07	0.597648	0.122075	0.451621
18.6013	268435456	2.3666e-15	128	0.19646	0.618902	5.96046e-06	5.00679e-06	0.594187	0.107926	0.471555
17.8853	268435456	2.3666e-15	128	0.333079	0.528578	5.96046e-06	5.00679e-06	0.593669	0.146203	0.431088
18.5344	268435456	2.3666e-15	128	0.146725	0.689507	3.09944e-06	2.14577e-06	0.59838	0.121731	0.460258
17.9578	268435456	2.3666e-15	128	0.259533	0.595073	5.00679e-06	9.53674e-07	0.59701	0.111664	0.468776
18.5189	268435456	2.3666e-15	128	0.15101	0.647256	9.53674e-07	9.53674e-07	0.63057	0.0557292	0.514826
18.1524	268435456	2.3666e-15	128	0.258097	0.598476	5.96046e-06	1.90735e-06	0.598351	0.129261	0.442994
17.811	268435456	2.3666e-15	128	0.211842	0.654602	2.14577e-06	9.53674e-07	0.613467	0.112523	0.463264
18.6462	268435456	2.3666e-15	128	0.163879	0.650307	3.09944e-06	2.14577e-06	0.603433	0.111155	0.465389
18.1728	268435456	2.3666e-15	128	0.250647	0.584649	6.91414e-06	3.09944e-06	0.59251	0.133234	0.443056
18.2704	268435456	2.3666e-15	128	0.186636	0.67692	1.19209e-06	1.19209e-06	0.597693	0.114964	0.462838
17.8931	268435456	2.3666e-15	128	0.220498	0.638853	5.96046e-06	4.05312e-06	0.613181	0.0686312	0.516926
17.6215	268435456	2.3666e-15	128	0.336647	0.55894	6.91414e-06	3.09944e-06	0.59873	0.124978	0.454522
18.3363	268435456	2.3666e-15	128	0.216823	0.610672	3.09944e-06	2.86102e-06	0.599472	0.124658	0.45563
18.7485	268435456	2.3666e-15	128	0.171374	0.642995	4.05312e-06	9.53674e-07	0.596433	0.0563529	0.516797
18.3658	268435456	2.3666e-15	128	0.268506	0.553433	5.00679e-06	9.53674e-07	0.596149	0.116009	0.458259
18.2229	268435456	2.3666e-15	128	0.187318	0.647885	5.00679e-06	1.19209e-06	0.606496	0.101671	0.474223
18.4278	268435456	2.3666e-15	128	0.215691	0.594254	1.90735e-06	9.53674e-07	0.607682	0.0991781	0.476383
17.9576	268435456	2.3666e-15	128	0.289714	0.573172	9.05991e-06	1.90735e-06	0.594185	0.136437	0.441767
18.1449	268435456	2.3666e-15	128	0.232608	0.627863	6.91414e-06	2.14577e-06	0.599805	0.117035	0.461861
18.401	268435456	2.3666e-15	128	0.163772	0.685966	2.14577e-06	1.90735e-06	0.597944	0.112605	0.464617
18.001	268435456	2.3666e-15	128	0.269632	0.598659	1.90735e-06	9.53674e-07	0.59922	0.110613	0.464487
18.4348	268435456	2.3666e-15	128	0.210924	0.614299	5.00679e-06	5.00679e-06	0.607581	0.109216	0.466864
18.5584	268435456	2.3666e-15	128	0.187617	0.625975	1.90735e-06	2.14577e-06	0.596981	0.0865738	0.490881
18.4119	268435456	2.3666e-15	128	0.21712	0.589789	5.00679e-06	9.53674e-07	0.613855	0.093761	0.481564
18.1659	268435456	2.3666e-15	128	0.188918	0.674541	9.53674e-07	1.90735e-06	0.608363	0.113789	0.463672
18.6638	268435456	2.3666e-15	128	0.15873	0.632251	1.90735e-06	9.53674e-07	0.609597	0.0604119	0.514125
18.0252	268435456	2.3666e-15	128	0.255215	0.593546	5.00679e-06	9.53674e-07	0.608776	0.130977	0.444374
19.019	268435456	2.3666e-15	128	0.131052	0.652566	4.05312e-06	3.09944e-06	0.596641	0.117302	0.467469
17.9839	268435456	2.3666e-15	128	0.265203	0.561088	4.05312e-06	1.90735e-06	0.624502	0.129635	0.447667
17.8279	268435456	2.3666e-15	128	0.299073	0.584815	3.09944e-06	9.53674e-07	0.605705	0.140164	0.437234
18.3169	268435456	2.3666e-15	128	0.219254	0.607724	1.00136e-05	3.09944e-06	0.589268	0.114054	0.465808
18.224	268435456	2.3666e-15	128	0.253338	0.581615	5.96046e-06	0	0.593726	0.123455	0.449852
18.1999	268435456	2.3666e-15	128	0.212764	0.623322	5.96046e-06	0	0.607332	0.0918951	0.483888
18.6721	268435456	2.3666e-15	128	0.170284	0.655517	2.86102e-06	1.90735e-06	0.588379	0.119833	0.458144
17.7748	268435456	2.3666e-15	128	0.349718	0.516822	1.90735e-06	2.14577e-06	0.60142	0.127357	0.449788
18.4596	268435456	2.3666e-15	128	0.20309	0.635083	2.86102e-06	9.53674e-07	0.600415	0.119118	0.455936
18.3038	268435456	2.3666e-15	128	0.161807	0.700684	9.53674e-07	1.90735e-06	0.603716	0.10913	0.463936
18.3049	268435456	2.3666e-15	128	0.254891	0.578562	2.86102e-06	1.90735e-06	0.596848	0.111722	0.462616
17.3036	268435456	2.3666e-15	128	0.336919	0.599379	2.86102e-06	9.53674e-07	0.601219	0.129482	0.451556
17.5148	268435456	2.3666e-15	128	0.363738	0.533067	2.86102e-06	1.90735e-06	0.591582	0.148914	0.433863
18.0542	268435456	2.3666e-15	128	0.199041	0.669886	5.00679e-06	9.53674e-07	0.599165	0.117188	0.46806
18.0583	268435456	2.3666e-15	128	0.225977	0.644604	9.53674e-07	9.53674e-07	0.604281	0.13186	0.447051
17.2941	268435456	2.3666e-15	128	0.341817	0.641799	1.90735e-06	0	0.596404	0.140879	0.431628
17.6988	268435456	2.3666e-15	128	0.350462	0.526788	5.00679e-06	1.90735e-06	0.6044	0.129242	0.449586
18.1469	268435456	2.3666e-15	128	0.248553	0.606114	3.09944e-06	5.00679e-06	0.603073	0.133784	0.444387
18.2474	268435456	2.3666e-15	128	0.256264	0.564363	5.96046e-06	9.53674e-07	0.611738	0.106418	0.471189
18.299	268435456	2.3666e-15	128	0.298441	0.534259	8.10623e-06	2.86102e-06	0.579633	0.134377	0.442767
17.8983	268435456	2.3666e-15	128	0.307039	0.55948	3.8147e-06	5.00679e-06	0.596361	0.112322	0.458223
18.7594	268435456	2.3666e-15	128	0.245235	0.548324	5.00679e-06	2.14577e-06	0.600794	0.0950282	0.475845
18.4081	268435456	2.3666e-15	128	0.182721	0.632364	3.8147e-06	5.96046e-06	0.609325	0.090436	0.487565
18.8043	268435456	2.3666e-15	128	0.15621	0.648495	2.14577e-06	1.90735e-06	0.597084	0.0682731	0.511006
18.5941	268435456	2.3666e-15	128	0.174705	0.648105	1.90735e-06	9.53674e-07	0.58946	0.121414	0.466264
18.6625	268435456	2.3666e-15	128	0.175049	0.633726	9.53674e-07	9.53674e-07	0.607911	0.0937109	0.473404
18.789	268435456	2.3666e-15	128	0.158951	0.652584	2.86102e-06	1.19209e-06	0.596134	0.114972	0.455333
18.1414	268435456	2.3666e-15	128	0.249533	0.609443	1.90735e-06	1.90735e-06	0.604194	0.0727098	0.49813
18.4117	268435456	2.3666e-15	128	0.151427	0.663459	5.00679e-06	3.09944e-06	0.617161	0.0796409	0.49634
17.73	268435456	2.3666e-15	128	0.312367	0.573395	5.00679e-06	5.00679e-06	0.592401	0.132505	0.448554
17.2473	268435456	2.3666e-15	128	0.325095	0.619636	3.8147e-06	9.53674e-07	0.605587	0.146168	0.428281
17.9206	268435456	2.3666e-15	128	0.172308	0.688884	4.05312e-06	9.53674e-07	0.619975	0.086081	0.495368
16.876	268435456	2.3666e-15	128	0.438322	0.531333	5.96046e-06	4.05312e-06	0.599142	0.138385	0.448025
17.6916	268435456	2.3666e-15	128	0.340766	0.530789	9.53674e-07	9.53674e-07	0.604748	0.125224	0.452464
19.1145	268435456	2.3666e-15	128	0.135727	0.650644	5.00679e-06	2.86102e-06	0.592453	0.122255	0.451868
17.7871	268435456	2.3666e-15	128	0.297367	0.579196	4.05312e-06	9.53674e-07	0.60153	0.155307	0.431585
18.0891	268435456	2.3666e-15	128	0.285411	0.596409	2.14577e-06	1.90735e-06	0.586792	0.133394	0.445019
18.3023	268435456	2.3666e-15	128	0.247164	0.615005	6.19888e-06	2.14577e-06	0.593656	0.12372	0.439064
18.7398	268435456	2.3666e-15	128	0.179248	0.63302	7.86781e-06	9.53674e-07	0.59081	0.123325	0.455017
18.4152	268435456	2.3666e-15	128	0.244714	0.570512	3.8147e-06	1.19209e-06	0.606235	0.0958388	0.47444
18.3276	268435456	2.3666e-15	128	0.228877	0.60901	4.05312e-06	1.90735e-06	0.590465	0.12051	0.459815
17.9939	268435456	2.3666e-15	128	0.262222	0.613411	8.10623e-06	3.09944e-06	0.596331	0.122533	0.45249
18.6058	268435456	2.3666e-15	128	0.195405	0.623595	3.09944e-06	9.53674e-07	0.598998	0.0658228	0.508292
18.3767	268435456	2.3666e-15	128	0.190103	0.64693	4.05312e-06	2.14577e-06	0.614543	0.110431	0.461284
17.8157	268435456	2.3666e-15	128	0.265193	0.620225	2.86102e-06	9.53674e-07	0.600018	0.13467	0.445395
18.1411	268435456	2.3666e-15	128	0.263914	0.572328	5.00679e-06	9.53674e-07	0.613505	0.120367	0.449977
18.1064	268435456	2.3666e-15	128	0.218165	0.629097	5.00679e-06	9.53674e-07	0.600358	0.110496	0.467165
18.4545	268435456	2.3666e-15	128	0.230629	0.597382	5.00679e-06	9.53674e-07	0.591972	0.120878	0.457654
18.2503	268435456	2.3666e-15	128	0.145968	0.71953	4.05312e-06	9.53674e-07	0.606199	0.0546319	0.523349
18.1947	268435456	2.3666e-15	128	0.17933	0.687164	9.53674e-07	1.19209e-06	0.612931	0.0866182	0.486515
18.4262	268435456	2.3666e-15	128	0.14792	0.672232	1.90735e-06	1.19209e-06	0.621741	0.067523	0.515658
19.0211	268435456	2.3666e-15	128	0.167158	0.632954	3.09944e-06	4.05312e-06	0.586199	0.104822	0.467763
18.0168	268435456	2.3666e-15	128	0.309269	0.539804	3.09944e-06	1.90735e-06	0.602871	0.127209	0.444586
17.9659	268435456	2.3666e-15	128	0.301368	0.557266	9.53674e-07	1.90735e-06	0.592258	0.119075	0.457961
18.1539	268435456	2.3666e-15	128	0.310964	0.522516	9.53674e-07	9.53674e-07	0.598175	0.120784	0.458481
18.0923	268435456	2.3666e-15	128	0.276905	0.563274	4.05312e-06	1.19209e-06	0.599883	0.116681	0.46181
18.2485	268435456	2.3666e-15	128	0.270736	0.562163	4.05312e-06	6.91414e-06	0.589482	0.134868	0.443954
18.1251	268435456	2.3666e-15	128	0.272916	0.581061	9.05991e-06	4.05312e-06	0.592991	0.128298	0.445908
18.4902	268435456	2.3666e-15	128	0.150288	0.68084	1.90735e-06	2.14577e-06	0.603488	0.110407	0.466276
18.2271	268435456	2.3666e-15	128	0.2476	0.60758	2.14577e-06	1.19209e-06	0.593355	0.116981	0.458754
18.126	268435456	2.3666e-15	128	0.320952	0.513659	1.90735e-06	9.53674e-07	0.594923	0.118277	0.457703
18.1316	268435456	2.3666e-15	128	0.344693	0.501262	2.86102e-06	3.09944e-06	0.591401	0.132779	0.441743
18.8654	268435456	2.3666e-15	128	0.147556	0.634201	5.96046e-06	9.53674e-07	0.616798	0.0540688	0.513151
18.6602	268435456	2.3666e-15	128	0.131454	0.689487	3.09944e-06	9.53674e-07	0.607417	0.051897	0.517627
18.7385	268435456	2.3666e-15	128	0.167043	0.635844	1.90735e-06	5.96046e-06	0.598477	0.0890329	0.478124
17.7658	268435456	2.3666e-15	128	0.279894	0.594618	4.05312e-06	3.09944e-06	0.599388	0.1404	0.439441
17.0813	268435456	2.3666e-15	128	0.31228	0.654296	3.8147e-06	9.53674e-07	0.591082	0.153263	0.424986
18.392	268435456	2.3666e-15	128	0.275589	0.565579	4.05312e-06	9.53674e-07	0.589091	0.136855	0.437522
18.1455	268435456	2.3666e-15	128	0.261079	0.593898	8.10623e-06	5.00679e-06	0.584832	0.125768	0.450762
17.4443	268435456	2.3666e-15	128	0.388443	0.524391	1.90735e-06	1.19209e-06	0.594599	0.132155	0.443442
18.4014	268435456	2.3666e-15	128	0.226371	0.603586	5.00679e-06	1.19209e-06	0.60684	0.138845	0.434241
17.5737	268435456	2.3666e-15	128	0.280247	0.626652	3.09944e-06	1.90735e-06	0.600576	0.126705	0.444865
17.9781	268435456	2.3666e-15	128	0.284402	0.58256	4.05312e-06	1.90735e-06	0.607192	0.133445	0.439153
18.3603	268435456	2.3666e-15	128	0.198683	0.644054	3.8147e-06	2.86102e-06	0.601429	0.112841	0.458954
18.227	268435456	2.3666e-15	128	0.23596	0.592591	3.8147e-06	1.90735e-06	0.595414	0.133511	0.436258
18.6208	268435456	2.3666e-15	128	0.168696	0.648278	3.09944e-06	0	0.608037	0.108084	0.46836
17.5145	268435456	2.3666e-15	128	0.346601	0.55781	3.09944e-06	1.90735e-06	0.603713	0.133211	0.445835
18.1316	268435456	2.3666e-15	128	0.329103	0.506837	4.05312e-06	1.90735e-06	0.598985	0.133416	0.442588
18.1	268435456	2.3666e-15	128	0.293518	0.558633	5.00679e-06	2.14577e-06	0.599746	0.128996	0.450492
18.5165	268435456	2.3666e-15	128	0.232976	0.561754	4.05312e-06	9.53674e-07	0.612589	0.09097	0.4872
17.7246	268435456	2.3666e-15	128	0.28317	0.613901	8.10623e-06	3.09944e-06	0.600416	0.151938	0.430353
17.2203	268435456	2.3666e-15	128	0.384485	0.550482	5.00679e-06	0	0.612865	0.125767	0.45458
18.439	268435456	2.3666e-15	128	0.18539	0.648457	3.09944e-06	4.05312e-06	0.59487	0.109272	0.468364
18.9548	268435456	2.3666e-15	128	0.143215	0.653211	3.8147e-06	2.86102e-06	0.59605	0.109363	0.458684
17.5886	268435456	2.3666e-15	128	0.354069	0.539195	9.53674e-07	9.53674e-07	0.592673	0.131017	0.449999
18.047	268435456	2.3666e-15	128	0.317367	0.547099	2.86102e-06	3.09944e-06	0.593585	0.119186	0.450852
18.1427	268435456	2.3666e-15	128	0.238394	0.604624	3.8147e-06	9.53674e-07	0.59703	0.116824	0.459857
17.9435	268435456	2.3666e-15	128	0.191009	0.666553	8.10623e-06	9.53674e-07	0.614382	0.093646	0.480977
17.7235	268435456	2.3666e-15	128	0.31634	0.562278	3.09944e-06	1.90735e-06	0.606454	0.144267	0.431836
17.9382	268435456	2.3666e-15	128	0.237543	0.616725	5.00679e-06	2.14577e-06	0.612612	0.0968649	0.47929
18.4848	268435456	2.3666e-15	128	0.182782	0.621754	3.8147e-06	2.14577e-06	0.615451	0.086035	0.481826
18.0819	268435456	2.3666e-15	128	0.333256	0.550746	9.53674e-07	1.90735e-06	0.598422	0.129745	0.448565
18.4882	268435456	2.3666e-15	128	0.283839	0.550445	6.19888e-06	3.09944e-06	0.587141	0.116123	0.456526
17.3517	268435456	2.3666e-15	128	0.374813	0.538023	1.90735e-06	9.53674e-07	0.609108	0.137203	0.439368
17.0653	268435456	2.3666e-15	128	0.429301	0.572731	9.53674e-07	2.86102e-06	0.601108	0.149214	0.43113
18.3961	268435456	2.3666e-15	128	0.230148	0.607179	4.05312e-06	4.76837e-06	0.600938	0.110521	0.464391
18.1426	268435456	2.3666e-15	128	0.260263	0.600184	9.05991e-06	6.19888e-06	0.589947	0.132476	0.441275
17.2417	268435456	2.3666e-15	128	0.16598	0.777698	7.15256e-06	9.53674e-07	0.621583	0.0843461	0.498137
18.3685	268435456	2.3666e-15	128	0.223384	0.620459	4.05312e-06	1.19209e-06	0.591755	0.134781	0.443128
18.2	268435456	2.3666e-15	128	0.229516	0.605951	5.96046e-06	2.86102e-06	0.606312	0.121998	0.447261
18.2861	268435456	2.3666e-15	128	0.284717	0.549206	2.86102e-06	5.00679e-06	0.600307	0.104738	0.471827
17.9737	268435456	2.3666e-15	128	0.219499	0.643824	8.82149e-06	9.53674e-07	0.605214	0.131917	0.440293
18.587	268435456	2.3666e-15	128	0.196663	0.632934	4.05312e-06	9.53674e-07	0.600124	0.11966	0.452177
18.0528	268435456	2.3666e-15	128	0.256864	0.602908	2.14577e-06	1.90735e-06	0.599128	0.134092	0.441434
18.4008	268435456	2.3666e-15	128	0.187378	0.65452	0	9.53674e-07	0.595928	0.115842	0.462056
17.8863	268435456	2.3666e-15	128	0.227931	0.645374	5.00679e-06	1.19209e-06	0.598089	0.111108	0.462868
18.0098	268435456	2.3666e-15	128	0.22314	0.625908	4.76837e-06	9.53674e-07	0.615584	0.087266	0.488453
17.6834	268435456	2.3666e-15	128	0.335227	0.559961	6.19888e-06	2.14577e-06	0.591989	0.132274	0.435375
18.0986	268435456	2.3666e-15	128	0.238268	0.641339	6.19888e-06	9.53674e-07	0.586192	0.132188	0.443138
17.6814	268435456	2.3666e-15	128	0.27194	0.610352	5.96046e-06	2.14577e-06	0.610849	0.118741	0.462533
18.2438	268435456	2.3666e-15	128	0.264317	0.563417	3.09944e-06	9.53674e-07	0.605224	0.102155	0.480081
