912	913	1	0.000100
913	914	109507	10.950700
914	915	199121	19.912100
915	916	151898	15.189800
916	917	429561	42.956100
917	918	38342	3.834200
918	919	21771	2.177100
919	920	14281	1.428100
920	921	3204	0.320400
921	922	2950	0.295000
922	923	377	0.037700
923	924	346	0.034600
924	925	266	0.026600
925	926	225	0.022500
926	927	399	0.039900
927	928	141	0.014100
928	929	115	0.011500
929	930	109	0.010900
930	931	116	0.011600
931	932	246	0.024600
932	933	106	0.010600
933	934	106	0.010600
934	935	109	0.010900
935	936	126	0.012600
936	937	257	0.025700
937	938	132	0.013200
938	939	126	0.012600
939	940	117	0.011700
940	941	103	0.010300
941	942	299	0.029900
942	943	108	0.010800
943	944	85	0.008500
944	945	89	0.008900
945	946	77	0.007700
946	947	128	0.012800
947	948	48	0.004800
948	949	43	0.004300
949	950	56	0.005600
950	951	45	0.004500
951	952	55	0.005500
952	953	266	0.026600
953	954	394	0.039400
954	955	381	0.038100
955	956	464	0.046400
956	957	511	0.051100
957	958	552	0.055200
958	959	131	0.013100
959	960	101	0.010100
960	961	78	0.007800
961	962	64	0.006400
962	963	137	0.013700
963	964	37	0.003700
964	965	32	0.003200
965	966	36	0.003600
966	967	42	0.004200
967	968	74	0.007400
968	969	32	0.003200
969	970	27	0.002700
970	971	19	0.001900
971	972	28	0.002800
972	973	3160	0.316000
973	974	1609	0.160900
974	975	2696	0.269600
975	976	2452	0.245200
976	977	967	0.096700
977	978	734	0.073400
978	979	72	0.007200
979	980	46	0.004600
980	981	43	0.004300
981	982	16	0.001600
982	983	55	0.005500
983	984	41	0.004100
984	985	51	0.005100
985	986	55	0.005500
986	987	93	0.009300
987	988	58	0.005800
988	989	170	0.017000
989	990	60	0.006000
990	991	64	0.006400
991	992	45	0.004500
992	993	34	0.003400
993	994	74	0.007400
994	995	42	0.004200
995	996	54	0.005400
996	997	45	0.004500
997	998	47	0.004700
998	999	119	0.011900
999	1000	30	0.003000
1000	1001	25	0.002500
1001	1002	19	0.001900
1002	1003	7	0.000700
1003	1004	35	0.003500
1004	1005	552	0.055200
1005	1006	990	0.099000
1006	1007	1222	0.122200
1007	1008	1197	0.119700
1008	1009	1696	0.169600
1009	1010	178	0.017800
1010	1011	105	0.010500
1011	1012	71	0.007100
1012	1013	37	0.003700
1013	1014	52	0.005200
1014	1015	20	0.002000
1015	1016	20	0.002000
1016	1017	22	0.002200
1017	1018	19	0.001900
1018	1019	22	0.002200
1019	1020	41	0.004100
1020	1021	24	0.002400
1021	1022	27	0.002700
1022	1023	22	0.002200
1023	1024	21	0.002100
1024	1025	63	0.006300
1025	1026	21	0.002100
1026	1027	28	0.002800
1027	1028	38	0.003800
1028	1029	14	0.001400
1029	1030	25	0.002500
1030	1031	9	0.000900
1031	1032	9	0.000900
1032	1033	6	0.000600
1033	1034	6	0.000600
1034	1035	26	0.002600
1035	1036	8	0.000800
1036	1037	8	0.000800
1037	1038	8	0.000800
1038	1039	12	0.001200
1039	1040	343	0.034300
1040	1041	226	0.022600
1041	1042	316	0.031600
1042	1043	270	0.027000
1043	1044	170	0.017000
1044	1045	154	0.015400
1045	1046	17	0.001700
1046	1047	13	0.001300
1047	1048	16	0.001600
1048	1049	12	0.001200
1049	1050	16	0.001600
1050	1051	10	0.001000
1051	1052	11	0.001100
1052	1053	6	0.000600
1053	1054	6	0.000600
1054	1055	6	0.000600
1055	1056	7	0.000700
1056	1057	1	0.000100
1057	1058	6	0.000600
1058	1059	6	0.000600
1059	1060	3	0.000300
1060	1061	21	0.002100
1061	1062	4	0.000400
1062	1063	3	0.000300
1063	1064	8	0.000800
1064	1065	5	0.000500
1065	1066	8	0.000800
1066	1067	3	0.000300
1067	1068	2	0.000200
1068	1069	2	0.000200
1069	1070	3	0.000300
1070	1071	10	0.001000
1071	1072	0	0.000000
1072	1073	1	0.000100
1073	1074	2	0.000200
1074	1075	2	0.000200
1075	1076	5	0.000500
1076	1077	3	0.000300
1077	1078	1	0.000100
1078	1079	2	0.000200
1079	1080	5	0.000500
1080	1081	4	0.000400
1081	1082	1	0.000100
1082	1083	2	0.000200
1083	1084	2	0.000200
1084	1085	3	0.000300
1085	1086	6	0.000600
1086	1087	3	0.000300
1087	1088	3	0.000300
1088	1089	2	0.000200
1089	1090	4	0.000400
1090	1091	0	0.000000
1091	1092	3	0.000300
1092	1093	1	0.000100
1093	1094	0	0.000000
1094	1095	0	0.000000
1095	1096	0	0.000000
1096	1097	2	0.000200
1097	1098	0	0.000000
1098	1099	1	0.000100
1099	1100	2	0.000200
1100	1101	1	0.000100
1101	1102	2	0.000200
1102	1103	0	0.000000
1103	1104	0	0.000000
1104	1105	0	0.000000
1105	1106	0	0.000000
1106	1107	2	0.000200
1107	1108	1	0.000100
1108	1109	1	0.000100
1109	1110	0	0.000000
1110	1111	1	0.000100
1111	1112	0	0.000000
1112	1113	1	0.000100
1113	1114	1	0.000100
1114	1115	0	0.000000
1115	1116	0	0.000000
1116	1117	0	0.000000
1117	1118	0	0.000000
1118	1119	0	0.000000
1119	1120	1	0.000100
1120	1121	0	0.000000
1121	1122	0	0.000000
1122	1123	0	0.000000
1123	1124	1	0.000100
1124	1125	0	0.000000
1125	1126	0	0.000000
1126	1127	1	0.000100
1127	1128	0	0.000000
1128	1129	0	0.000000
1129	1130	0	0.000000
1130	1131	0	0.000000
1131	1132	0	0.000000
1132	1133	1	0.000100
1133	1134	0	0.000000
1134	1135	0	0.000000
1135	1136	0	0.000000
1136	1137	0	0.000000
1137	1138	0	0.000000
1138	1139	0	0.000000
1139	1140	0	0.000000
1140	1141	0	0.000000
1141	1142	0	0.000000
1142	1143	0	0.000000
1143	1144	0	0.000000
1144	1145	1	0.000100
1145	1146	0	0.000000
1146	1147	0	0.000000
1147	1148	0	0.000000
1148	1149	0	0.000000
1149	1150	0	0.000000
1150	1151	0	0.000000
1151	1152	0	0.000000
1152	1153	0	0.000000
1153	1154	0	0.000000
1154	1155	0	0.000000
1155	1156	0	0.000000
1156	1157	0	0.000000
1157	1158	0	0.000000
1158	1159	0	0.000000
1159	1160	0	0.000000
1160	1161	0	0.000000
1161	1162	0	0.000000
1162	1163	0	0.000000
1163	1164	0	0.000000
1164	1165	0	0.000000
1165	1166	0	0.000000
1166	1167	0	0.000000
1167	1168	0	0.000000
1168	1169	0	0.000000
1169	1170	0	0.000000
1170	1171	0	0.000000
1171	1172	0	0.000000
1172	1173	0	0.000000
1173	1174	0	0.000000
1174	1175	0	0.000000
1175	1176	0	0.000000
1176	1177	0	0.000000
1177	1178	0	0.000000
1178	1179	0	0.000000
1179	1180	0	0.000000
1180	1181	0	0.000000
1181	1182	0	0.000000
1182	1183	0	0.000000
1183	1184	0	0.000000
1184	1185	0	0.000000
1185	1186	0	0.000000
1186	1187	0	0.000000
1187	1188	0	0.000000
1188	1189	0	0.000000
1189	1190	0	0.000000
1190	1191	0	0.000000
1191	1192	0	0.000000
1192	1193	0	0.000000
1193	1194	0	0.000000
1194	1195	0	0.000000
1195	1196	0	0.000000
1196	1197	0	0.000000
1197	1198	0	0.000000
1198	1199	0	0.000000
1199	1200	0	0.000000
1200	1201	0	0.000000
1201	1202	0	0.000000
1202	1203	0	0.000000
1203	1204	0	0.000000
1204	1205	0	0.000000
1205	1206	0	0.000000
1206	1207	0	0.000000
1207	1208	0	0.000000
1208	1209	0	0.000000
1209	1210	0	0.000000
1210	1211	0	0.000000
1211	1212	0	0.000000
1212	1213	0	0.000000
1213	1214	0	0.000000
1214	1215	0	0.000000
1215	1216	0	0.000000
1216	1217	0	0.000000
1217	1218	0	0.000000
1218	1219	0	0.000000
1219	1220	0	0.000000
1220	1221	0	0.000000
1221	1222	0	0.000000
1222	1223	0	0.000000
1223	1224	0	0.000000
1224	1225	0	0.000000
1225	1226	0	0.000000
1226	1227	0	0.000000
1227	1228	1	0.000100
1228	1229	0	0.000000
1229	1230	1	0.000100
1230	1231	0	0.000000
1231	1232	0	0.000000
1232	1233	0	0.000000
1233	1234	1	0.000100
1234	1235	0	0.000000
1235	1236	0	0.000000
1236	1237	0	0.000000
1237	1238	0	0.000000
1238	1239	0	0.000000
1239	1240	0	0.000000
1240	1241	0	0.000000
1241	1242	0	0.000000
1242	1243	2	0.000200
1243	1244	0	0.000000
1244	1245	0	0.000000
1245	1246	1	0.000100
1246	1247	0	0.000000
1247	1248	0	0.000000
1248	1249	0	0.000000
1249	1250	0	0.000000
1250	1251	1	0.000100
